8.144855446990761916e-01 -8.936687360508984712e-01 -1.418516922294681404e-01 1.351228630239385442e+00 -3.082273970259787332e-01 3.310380357950947761e-01 1.377539137494032451e+00 -6.333583146907176831e-01 -3.988154289217488158e-01 2.348941649744646920e-01
4.107606690442652253e-01 -3.349189314589316735e-02 -2.703909588341837367e-01 -2.104987540586830352e+00 8.747879891087715354e-01 -1.769188078055997426e+00 -1.209020617128167441e+00 -6.395986902831104493e-01 -7.219791062045360919e-01 -9.782629430262894665e-01
-2.204931097663109102e-02 -6.188787652515208570e-01 4.315094643273141628e+00 -5.435734125158911967e-01 9.350048900954696096e-01 -8.233382964661929426e-01 2.055481022312209749e+00 -1.475232489024699278e-01 4.732806402704365367e-01 5.220522603538960693e-01
-2.916687345114130428e-02 -9.786956710567322748e-01 7.091008732822035032e-01 1.820040216339207984e+00 -3.494152700493291519e-02 3.518107187644996525e-01 -1.930223235644636048e+00 -1.957043887651626513e+00 1.111172065034002454e+00 -1.097489337433952716e+00
-6.236587593386191397e-01 -2.049447647659250915e+00 8.420925387345691293e-01 2.041067012047270257e+00 -8.994347031842011564e-01 1.833613874332106652e+00 -2.842971551148226972e+00 -7.407114099844434030e-01 1.769564535846202880e+00 -1.808307866119889806e-01
5.541041377954187830e-01 -9.473519375733051584e-01 -7.478671684115248963e-01 -8.571341743152642856e-01 7.143824166451875901e-02 8.295756889325438255e-02 -1.010546570934823113e-01 8.465306589201458953e-01 -1.898733645959981731e+00 -3.160965657667927697e+00
8.742586746517141405e-01 -3.156388349556099038e-01 -9.607640127976084521e-02 -7.478051169924976316e-02 -7.487433667501155465e-01 1.792960770151117711e-01 -6.222066603650405064e-02 -9.781470093488158213e-01 -1.099488933675129454e+00 1.502914582688313461e+00
6.038499492102942234e-01 -6.175585152962320690e-02 -5.735192539041739090e-01 4.825649088372739315e-01 7.651741070114970178e-01 -4.640257356930573840e-01 7.021826788534711872e-01 -4.272769956632577193e-01 1.219334576501756584e-01 -4.213509700554305959e-01
9.836636424201218309e-01 -5.395961366193272601e-01 -1.609163061437458575e-01 7.183111641488646448e-01 -6.817011234390021324e-01 2.025313617209144046e-01 5.233081385880538061e-01 9.279079153726251805e-01 -4.615377062688237886e-01 4.100587106447003971e-01
1.041633692516423126e+00 -4.600638633292573609e-01 3.873478988726115069e-01 1.136163086828031688e+00 -7.861834875805897571e-01 8.558901483378434927e-01 8.827699374185002945e-01 -8.627709827752183536e-01 -3.088253425789546647e-01 7.960451185536092655e-01
4.654595427306653654e-01 -6.194466466046318898e-01 -1.141833942552710868e+00 7.093199878454187202e-01 1.158289567673252307e+00 7.534476556958154270e-02 1.675061695380716476e+00 3.757796091719821652e-01 4.287778289882503424e-01 -7.375582315913612463e-01
9.113496688226214726e-01 5.786382494226588458e-01 -4.263964285584530001e-01 -8.804281817612570338e-01 -2.178489124797666765e-01 -7.863436506806604775e-01 9.240206864158123645e-02 8.779113731725817216e-01 1.584827732079017615e+00 8.319654731512092505e-02
9.617396536012207120e-01 5.707984739913417593e-01 -8.407978391985179156e-01 -1.192837851299637375e+00 -3.173738779034764868e-01 -4.776089363852407677e-01 -9.096089852197755121e-01 1.630130980286277786e+00 1.108482761815310802e+00 5.512176466891459681e-01
1.290249356403553316e+00 3.850636916071389915e-01 -1.299538610692337753e-02 -2.917841529516311261e-01 -1.843708108363623754e+00 9.099573043538388140e-01 7.037624758478178144e-01 8.776144595052191022e-01 2.622688351857986877e-01 1.010570561208564699e-01
1.277162873316213032e+00 4.669480806201720680e-01 3.686378476558992978e-01 -3.112934539369771048e-01 -1.569727583758621314e+00 7.041030000633853314e-01 5.240170115682482033e-01 -2.529171607148220646e-01 -4.447718106097167667e-01 6.862851798811893111e-01
8.351151394946662032e-01 -7.950021263564329699e-01 -4.950173732340234500e-01 -7.805948228822073842e-02 1.338784828309477482e-01 -3.332289689610955508e-01 -4.485904564778352838e-02 1.986929591802265860e-01 -1.471976102125676977e+00 1.118972597411107106e+00
4.275391634586374612e-01 -1.348563936212764103e-01 -8.303010953680611816e-01 1.290502094317630188e+00 2.043608734431791696e+00 -8.176588905938005913e-01 1.255996072018137566e+00 -9.495122931570163516e-01 8.816455955952158252e-01 7.718352250464938225e-02
-1.581987758154989265e+00 -1.407390377521655633e-01 3.801923659659207921e-02 4.198713657773438523e-01 2.350921626261157082e-01 1.246818854033741486e+00 1.143074398124571456e+00 1.428153048653127088e+00 2.692666221359699130e-01 1.247051036737303997e+00
1.112005769383127785e+00 -3.402349202608959122e-01 -2.972293768691608995e-01 -7.916983432857337410e-01 -1.233128751149905833e+00 6.801373496128497731e-01 -1.441901319894799693e-01 9.345695923461001531e-01 -6.860363602416671425e-01 6.724919684251112750e-01
5.965816149488351039e-02 -9.047452650452740830e-01 3.258684153782103743e-01 1.008662509148325892e+00 -1.261803185548799666e+00 3.409465646861689070e-01 -2.660405740670847674e+00 4.592310523466667377e-02 1.334621844749195541e+00 -1.525049497856872660e-01
4.341983054175221901e-01 -7.336575319184183153e-01 -2.767541413429431829e-01 1.564237316724453652e+00 1.403854692613251132e+00 -2.634531222511269366e-01 6.288908232776586615e-01 -1.384705243061785662e+00 1.085407772560974399e-01 -8.216255454251947254e-01
1.116394842064109216e+00 -2.283111406747152516e-01 -6.537213231636010424e-02 1.812990042927296597e-01 -8.402851921565727134e-01 5.929698618169276791e-01 1.468007253815276636e+00 -9.699487929499375216e-01 -7.616546233584018388e-01 -2.456111065182171871e-01
-6.713188028979580890e-01 -1.769540709336800743e+00 3.839415964668996928e+00 -8.649770152081921459e-01 1.227045796434705238e+00 -4.708099984482354561e-01 1.504319040592953183e+00 1.879668342543795029e-02 -1.205435609111693007e-01 1.603006818596777849e+00
1.077540178811466909e+00 -5.037789620723342326e-02 5.815527316004406172e-02 6.557851546514731345e-01 -1.711677332554937050e-02 -1.718876946664566752e-01 4.903783434067390812e-01 -8.288430954334300438e-01 -9.035306914657631472e-01 -9.137227582725825359e-01
-2.829366153696902253e-01 1.414152047137039681e+00 -6.032635375381206755e-02 -2.415013441781615366e+00 -9.662436102930248294e-02 1.948379068063418318e+00 -1.868506525087033410e+00 -9.128854597045205077e-02 1.419959725579244436e+00 8.813386506239260232e-01
3.697759047860409987e-01 7.383416520866616095e-02 4.892088045842933886e-01 -3.888224634598143603e-01 1.800850068980313357e-01 7.276057927458277064e-01 -3.331710771498017087e-01 7.662555734580009936e-01 1.110914936289032484e+00 -7.482750789249515977e-01
-1.467230317836802245e+00 3.309285875692282164e-01 -6.318597519642491500e-01 5.960023556350637630e-01 1.431269459654493093e-01 -1.511564533813900102e+00 -4.376916202502984521e-01 1.941225414659349113e-01 -4.874899926208194345e-01 1.058908714303083531e+00
-1.066419980688062097e+00 4.801012567339880688e-01 -1.624072863702405167e-01 2.749761131620587773e-01 -1.334287894439317945e+00 -1.739504803425166335e+00 5.446665326124063844e-01 -9.781000301388613760e-01 2.879971845784548568e-02 -8.843238454865283149e-01
-5.256657911576858577e-01 9.318212441098121523e-01 1.972379571623861516e-01 -6.779750725810770318e-01 -1.582422393946135042e+00 -6.744814757719640452e-01 -7.290869819067991031e-02 -6.863574440309695435e-01 7.379153623311196508e-01 -8.346185490995050582e-01
-1.679499455081045367e+00 1.123510871447800930e-01 -4.566809701200377214e-01 6.976193769094606312e-01 -7.533705967736755715e-01 -1.191305021994760738e+00 1.473022854519653313e-01 2.178084109623203146e-01 -5.671572106664521939e-01 9.670750676495386555e-01
-1.522007441781322967e+00 1.738718496077830411e-01 3.071402389287959389e-01 8.007849442111398819e-01 -8.513552199050832270e-01 9.475077894556675762e-02 1.449629370623057634e+00 -9.491109308561088698e-01 -9.916109807236503926e-01 -6.119315518703377643e-01
-5.948397031961036863e-01 1.478567633660087033e+00 2.553636106942837602e-01 -4.994887588006917678e-01 1.262772021784358267e-01 5.786104387776646041e-01 -3.712520314951832656e-01 -6.252823022120602703e-01 -5.165849106915250122e-01 -8.121041916597927512e-01
-3.717694347106133557e-01 1.346494940138135643e+00 -1.235295391509198815e-01 -1.383449371558295837e+00 -8.094146756365931950e-01 -1.101434739010549030e-01 -8.321642697301898650e-01 -4.646261215775466386e-02 9.449829974255983256e-01 -2.121528716104459644e-01
-1.461530891386531028e+00 3.495714696872275623e-02 3.456958260064138533e-01 3.892437437284235746e-01 -1.748077413051462026e+00 -1.134375112051578149e+00 -3.172383377706040064e-01 6.609057376491034308e-01 -1.109782440323818342e+00 4.260026493614248455e-01
-1.528822051513716307e+00 2.643005099489119103e-01 -3.217057490968907585e-01 8.216073280901093900e-01 -1.584498346950925285e+00 -1.632640124551279825e+00 7.453026747849811340e-02 1.269037515068463406e+00 3.570459858528018948e-01 1.603205691643303510e+00
-1.795033582244677683e+00 9.164400662456818891e-02 -1.951042861099584469e-01 4.855735155903133093e-01 3.708655146924424995e-02 -5.456943604194361974e-01 7.670710911850742164e-01 -7.782935253967030453e-01 -8.716423537899691265e-01 3.594444354210724057e-01
-5.681177112194489842e-01 1.738076281505402942e+00 -2.683648483880927138e-01 -1.806948807341012708e+00 9.483760155184318696e-01 3.551785530660711121e+00 -6.673775193560526064e-01 -6.731996956413628386e-01 1.507592579065733795e-01 1.292655155667448597e+00
-1.527530327815112221e+00 3.873305106189520175e-01 3.412601349356668701e-01 -1.856626294749661637e-03 -1.432123397958377398e+00 -5.974240254387696014e-01 3.843510000473967375e-02 2.165471272789591117e-01 -4.927635734548085900e-01 4.323289306502979823e-01
-1.094747414617046610e+00 6.133572964318252385e-01 -4.107725318363579237e-01 -9.735012170159929035e-01 1.970924400617731775e-01 -1.736473149173102526e-01 -7.146324172144864761e-02 -1.031702185495220858e+00 4.865843060190425673e-01 -3.818909009645787278e-01
5.347580547456151079e-01 5.007245990602114949e-01 -3.864405348156150777e-01 -7.219108623521760526e-01 -1.856600204302564228e-01 -4.499536668665645722e-01 5.585335486297048346e-01 6.358905161027558206e-01 -4.069640577705637696e-01 -2.091064637351688127e+00
6.338156297835559894e-01 9.821853096780928105e-01 2.596285148982908075e-01 -2.025679623857568057e+00 6.901387762063940778e-01 -5.169617500305077051e-01 -5.419786696970215756e-01 -1.162729960455793354e-01 1.476253257351228809e+00 -7.448072156340707073e-01
6.960625957192428936e-01 2.434854439619299760e-01 -6.648390384288747901e-02 -1.196970386961995425e+00 -6.119020024790715329e-02 -9.019952105187074576e-01 -6.737611195425480259e-01 3.244188877751576494e-01 -2.604758801339720486e-01 2.732167843956201381e-01
8.691588824688606385e-01 -1.032626160274197291e+00 6.773389724651809884e-02 1.075854419705840170e+00 -8.551226678982675189e-01 6.148092904238249279e-01 1.270146734337284977e+00 -5.069825046899448795e-01 -5.653152923495474713e-01 2.055400818300907873e-01
6.737397729120715439e-01 -1.044233845660571092e+00 -1.022638374611809509e+00 -8.735490297763601752e-01 1.257850629504985440e-01 2.452972947013037086e-01 -1.198598925743356580e-01 6.694940719472485258e-01 -5.395994222378849292e-01 -2.588901548947334930e-01
-4.745328494767172556e-01 3.053705207318393455e-01 1.473760750062093616e-01 -7.154673643114639603e-01 9.873432881113912707e-01 -3.736111783554418309e-01 -4.762065547627273854e-01 1.640715973353972235e-01 -6.459638825839484344e-01 3.303475436433586654e-01
6.609116246527805272e-01 -1.341726828545388717e+00 -1.897982823955128226e-02 9.677593361112980519e-01 -3.423160970853844076e-01 6.352856071898440593e-01 9.949871374978648264e-01 2.160387005014830497e-01 -4.984373433092984529e-01 5.799725403893314368e-01
1.044051927394869628e+00 2.776082478605973458e-01 -3.679155093490626971e-01 -3.519146186213365501e-01 -4.257807618002343308e-01 -4.134527862142370336e-01 1.387902564405175676e-01 4.540884259171567017e-01 5.194573917824206744e-01 5.598571711262754214e-01
9.545019562410473890e-01 5.400988477134455179e-01 -2.631113277542422857e-01 -1.304056430191597560e+00 -5.309025660093513732e-02 -7.098615690527901867e-01 -5.148969469588208225e-01 1.329845636923914221e-01 4.902700733296286306e-02 -2.415164746007973928e-01
1.324268671812357301e+00 4.611102803685253604e-01 2.201677845264121691e-01 3.604709767907105511e-01 -1.154469715499193416e+00 4.384768481105910110e-01 4.443931993989839180e-01 2.096651847552150894e-01 -6.868483364307247374e-01 5.881783709912239422e-01
6.912370711797533041e-01 -1.312328488747080524e+00 -4.920740489576440613e-01 5.179646638386388169e-01 -9.476069251115014636e-01 1.034160876361556181e+00 3.077002575563189124e-01 5.263660609827395254e-01 -7.132294713333166003e-01 7.442639069851891831e-01
4.502309824803790161e-01 -1.271223339629273363e+00 -2.316653246877332095e-01 1.351560961431370833e+00 -7.745166001223143804e-01 1.545729807465585859e+00 2.411590469590863817e-01 6.422969626116218356e-01 1.219517036405166843e+00 5.446163453123726850e-01
1.051275651501802466e+00 1.503780329169323915e+00 8.016525557094032750e-02 -1.048750152869973640e+00 1.845716834247303151e+00 -1.637166596945361929e+00 -1.647948358283160886e+00 2.716639300645158905e-01 -1.219551342489435530e+00 7.013208997934792244e-01
1.290436543312479811e+00 1.058408889315476831e+00 6.387644102822498393e-01 -2.648409596637983920e-01 -7.129294995664965384e-01 -6.329276344552653422e-01 -4.790890619996934219e-01 1.125242429794482524e+00 2.225503225060690149e-01 -2.005036511899275509e-01
-2.680864303177203367e-01 -2.060891095178608357e+00 6.156398808075977946e-01 3.451993984476287580e-01 -1.171122146724886903e+00 1.545028502523738911e+00 -2.772674406215205334e+00 1.593353042172282463e-01 -6.682004453388639131e-01 -3.559333822655368351e+00
4.817020736813791282e-01 -5.602974653469878774e-01 -1.020975344486382053e+00 7.652240839756559998e-01 7.220468552143576302e-01 -4.475783282509682159e-02 4.159882760650283617e-01 7.008532401340090978e-02 1.840194792856720274e-01 6.624611181250518177e-01
7.845650448951130285e-01 -3.227755634757685232e-01 -3.982059368784696685e-01 -6.290544305501313271e-01 -2.091879797488200854e-01 8.188105314196322815e-03 -1.297713302031144877e-01 -9.730340848752846439e-01 -6.951051564078478684e-01 1.242657505213378366e+00
9.624240643602128831e-01 -5.871719218945915530e-01 2.831756630135565111e-01 1.118187328290184857e+00 3.470819825673632231e-01 2.628798988855484131e-01 -7.326491089474949092e-01 7.554330495925860589e-01 -1.077533981804021046e+00 1.441898249906052309e-01
9.709391879351445542e-01 -5.827494195949614042e-01 -1.916625445051936549e-01 1.814424053316100460e-01 -7.630521095032252177e-01 6.773334262185161103e-01 1.149052035181851394e+00 -1.460158775525132402e+00 -5.416650253641722701e-01 4.896599748972545879e-02
1.265350750825774417e+00 9.627716965761082268e-02 3.950361825753173628e-01 2.783102670688539226e-01 -1.291799130139370089e+00 5.169932788373201582e-01 1.072609338382773114e-01 -7.106707668188347871e-01 -9.653334164943369045e-01 -1.432998723431980759e-01
1.034155912764297858e+00 4.405659394928474470e-01 -5.567506903477972835e-02 -1.000770987184047334e+00 -1.203246604742517656e+00 4.724135749637151105e-01 8.236499216812226409e-02 1.136828897374126679e-01 -5.764061058196091603e-01 -1.120323890333521227e-01
1.066957599811797275e+00 5.379904558420439686e-01 -3.690941097855710562e-01 -1.398029795793406249e+00 -1.207965764718802903e+00 6.851044660790110707e-02 3.300774326246559420e-01 1.121285740246455997e+00 7.659213894497497455e-01 1.756479933728271048e-01
8.758327218996745378e-01 5.592630001816492058e-01 1.397406272007216010e+00 -1.060747277828606588e-01 -4.533603439494111598e-01 -9.197702825395552839e-01 -2.232831709868514092e-01 -1.148719260150668831e+00 -2.271545608530503579e-02 -7.964066506344613661e-01
6.982251292706169732e-01 -9.775028821184809091e-01 -3.576934512543332167e-01 3.050810004349121529e-01 1.136016704304926468e-02 2.814385550329207564e-01 1.274388266473713838e-02 -3.078066845571434951e-01 -1.194584245065009709e+00 1.411421425114578465e+00
1.005059754397620742e+00 5.838840719296923415e-02 1.949357284466806117e-01 7.630746076523838850e-01 1.011523267417801381e-01 1.879181681263915882e-01 8.206078931750151323e-03 2.472636470543620665e-02 -9.909018684515021880e-01 5.737581442271537657e-01
4.918768430233060318e-01 2.161964301445339909e-01 -9.351516602510284715e-01 4.305871936132338318e-01 7.471822500944745871e-01 6.783412593512977429e-01 1.062044671671930285e+00 2.414943290906804152e-01 9.117795514317593719e-01 1.568536583316700872e-01
-1.382058494715936670e+00 2.308679525550627332e-01 -6.984281222837039893e-01 2.737024778911389955e-02 -7.179637641442220275e-01 -7.184036446396940834e-01 3.751990700428396996e-01 5.272492612608850049e-01 1.043837807627702396e+00 4.065391736338666573e-01
-1.137677249872698138e+00 6.908878458199875228e-01 -3.576730897921615027e-01 1.102379046855709754e+00 1.191817902205685398e+00 8.031666403797302900e-01 1.880526038503413488e+00 -9.893479790662413897e-01 3.604647321111553171e-01 -3.662076004558056375e-01
-1.891322714287234641e+00 1.241040497371059953e-01 -6.383135082927142712e-01 -1.688283326995779210e-01 1.986840906560915609e+00 1.757599088567068257e+00 -5.623136349209990614e-01 -2.722834572613295756e-01 -6.601117335473234427e-01 1.245625355049823524e+00
-1.225860672660132211e+00 1.748842318679699082e+00 5.422474873649110183e-01 -1.391508134048257350e+00 -9.246153803969476836e-01 4.067014193664372002e+00 -7.545252481406301559e-01 -1.208149043665312838e+00 -2.798241562859338574e-02 2.702684210114583152e-01
-1.308846956850591381e+00 9.698357987699369742e-01 2.641624923171390638e-01 3.610789236067010188e-01 -1.802213130056893320e+00 -4.498506501816172953e-01 8.376517142072930078e-01 -2.900459432473259658e-01 -7.381168869216256367e-02 -1.218775012706350358e+00
-7.221187783161494567e-01 1.116658727735038159e+00 4.595619781720066133e-01 -1.981510876055921466e+00 7.177476167900657122e-01 3.308942269762969346e+00 -9.717291232522956568e-01 -1.355785934840461282e+00 7.633861615605167517e-01 -1.027126121707530704e+00
-1.263950629236698875e+00 3.132438078525016656e-01 -3.684860104938822434e-01 -6.653398761578580567e-01 -9.965511397733910481e-01 -1.074708381820351999e+00 -1.002043873942676022e+00 9.669892650437222556e-03 -1.868230539556901271e-01 2.162983734488251319e-01
-1.426479460990018433e+00 1.802591711807687014e-01 -5.584558895384716948e-01 7.499178600434328601e-01 1.101935321085210306e+00 3.443771993281780075e-01 1.305180302901097988e+00 -7.367170685301217548e-01 2.771404155519270884e-01 -3.989770397181568451e-01
-1.462853666410572684e+00 4.718535445833977882e-01 -2.907151951036178739e-01 -5.730629547610454066e-01 1.679019733262198111e+00 2.046675766415825493e+00 2.016720785530189408e-01 -1.511363804122306531e+00 -2.117608580601678114e-01 -3.302786955784118850e-01
-5.656563604618396468e-01 8.755354929315031232e-01 -7.145754976869826969e-01 1.477307581839666095e-01 8.684915869902531949e-01 -9.825636504041617147e-01 1.962417967274753677e-02 -7.942916727240189045e-01 1.224410230049435722e+00 -8.097805269670883543e-01
-1.438092769324488929e+00 5.448143930969940457e-02 9.979566407687375795e-01 6.217686036192873189e-01 7.048927467351897569e-01 9.354119082868692647e-01 1.207758804442326667e-01 1.122070213472005666e-03 -1.686987760930196867e+00 1.337122431380234566e+00
-1.256694712332592001e+00 3.314582071086809578e-01 -7.858105256162413177e-01 3.945151123165476781e-01 -1.465336618448957462e-01 -1.580688404382478041e+00 3.750993131569137495e-01 5.774392423976899558e-01 1.176105839970653877e+00 1.517446416926119035e+00
-1.910237041636121402e+00 -2.685814959269006152e-01 -1.078708300723428964e-01 4.386007439882224079e-01 6.532926426476288739e-01 1.458471276773213532e+00 -1.703201952324011337e-01 -7.540653740280870432e-01 -2.056517948222515990e+00 -7.951823858806986167e-02
-5.595348125345843693e-01 8.490840848991801915e-01 -8.188186971888044008e-01 -3.432226886804856658e-01 2.602262948882804405e+00 1.253200006154373325e+00 4.273684953500148653e-01 -2.605152104725181120e-04 1.613263436593787681e+00 9.300206348698395464e-01
5.392981693262253184e-01 -1.184957038661116790e+00 -1.177244374979462549e+00 -3.767580719975185954e-01 1.096131182376083757e+00 -8.280860091489056218e-01 -7.086716919038105189e-01 8.677653125208820706e-01 -1.536923980532308942e+00 -1.806551698033331377e+00
5.429392595864432902e-01 -6.027256874551005783e-01 -5.477824240728287331e-01 9.069864394383749806e-01 1.079880995075625405e+00 -7.502402182736965519e-02 7.426252751370555627e-01 -1.748663070499771655e+00 -8.098052587878898922e-01 2.675458422363067301e-01
1.328154333300831880e+00 1.027802074180990566e+00 3.363603043190709907e-01 -3.424911723920696649e-01 -6.999094569961599177e-01 -2.793460872707358988e-01 5.299154397227292534e-01 -7.999835277160642910e-01 -4.142045221960771739e-01 -8.945888941501929370e-01
8.991391685975417269e-01 -5.822448500717508635e-01 -3.260537861686221284e-01 9.452583739826695419e-01 -4.445578692376432328e-01 -2.310621481446829550e-01 4.050184010451521321e-01 -2.540954992522399536e-01 7.828586653498754711e-01 5.329193668192755418e-01
9.804674659500156597e-01 1.283232166024763421e+00 -3.127554715430891363e-01 2.506757735574618451e-01 7.896295201402339092e-01 -1.851005037919244978e-01 1.247827269222872681e+00 -1.544872383132825100e-01 9.694327138801832611e-01 1.833285705999352644e-01
1.158590879550168706e+00 8.522552895413046947e-01 -1.626139014034427011e-01 -1.112952390578308304e+00 -7.614856501324924754e-01 -1.949939134584317835e-01 -2.277620883038171118e-01 1.439396059298381492e-01 1.021463707513069752e-01 -1.670199164936691794e-01
2.751770151642168316e-01 -1.414321592661217375e+00 -9.420060271911192551e-01 3.298480250374720146e-01 2.833355742326137405e-01 -8.775194034648315516e-03 -1.579839158349071182e-01 -6.752147450380531490e-02 7.207939278188374432e-01 8.935034944992992223e-01
3.920510490847359808e-01 -1.717744918689263933e+00 -7.658717202793723366e-01 -8.441342855199361894e-01 -9.916721211311717299e-02 8.485266446172391452e-01 -8.265847565422174137e-01 7.490690531788436468e-01 -2.441796416833500238e+00 -2.147497690245610824e-01
6.962874051042517998e-01 -2.668409894042035879e-01 -1.008125886282964068e+00 -1.282551081398842552e+00 -8.975985601787200840e-02 -6.433797898868950371e-01 9.508112295651075657e-03 6.953613471933527412e-01 8.851531062663843263e-01 -3.445107183155399766e-01
5.440847752366116952e-01 -1.173577131505963100e+00 -6.563028449049262969e-01 -1.631668121650298175e+00 -5.803752759055488264e-01 1.144791059479972062e-01 1.959238570507102761e-01 -3.789870068631461253e-01 -1.943781893544419340e-02 9.489299336079797254e-01
1.313889315509279232e+00 4.332349866620668344e-01 -8.040638155428594946e-02 -9.419180472108609758e-02 -1.860462776592034295e+00 7.788575128849772877e-01 7.449827860595947815e-01 8.416340119814803566e-01 7.886826714412730199e-01 8.108872225008474377e-01
-3.766147440202277652e-01 -1.658863699922007218e+00 3.988002651075940985e+00 -5.445878942687407687e-01 1.259197718707174563e+00 -8.325426804730622354e-01 1.143122370518795172e+00 1.321257000027637352e+00 -6.737028419080017816e-01 1.302102273733007243e+00
-1.447485359056234488e-01 -1.403822562324760215e+00 3.592650347370596187e+00 -1.122232434588338990e+00 8.363938762170766150e-01 -3.765793728091755832e-01 1.712195096626552449e+00 -6.312836678004319912e-01 6.330068711358978195e-01 -1.216622889917486239e+00
-2.216709229248561286e-01 -1.120793166753875969e+00 5.723524781489903734e-01 1.231780771720394796e+00 -9.193925107566597310e-01 -5.117870133165913771e-01 -1.871499891802933302e+00 -1.305807840536219011e+00 1.334235137937371807e+00 -3.744472513941789482e-01
-1.638058602040443512e+00 1.518882621218084761e-01 1.413641785093649739e-01 4.926857484785779895e-01 1.708669957898669045e+00 1.480975758844282675e+00 7.822841939672436906e-01 -1.063368299912630377e+00 -1.014542207919223449e+00 2.974318551879562844e-01
-2.759747479134952997e-01 -1.051128566326182234e+00 -8.603752125679945406e-01 2.001631326336902550e+00 2.844540785994377874e+00 7.453314542837373713e-01 1.516213561674359500e+00 1.268671066382703438e+00 -1.160283682541553674e+00 8.817841712581014901e-01
-5.312501749311082655e-01 -1.862985831044859486e+00 3.819810028503172195e+00 -1.172262535772854219e+00 9.375756811704796245e-01 1.637194842660622818e-01 3.062386297286606718e-01 1.187192893544239292e+00 1.328628709436733557e-01 8.879879948538044188e-01
9.692655089336609242e-01 5.557962829296693441e-02 -1.476012163906440244e-01 -9.642609073320872470e-01 -8.876633805591370718e-01 2.489616022385570671e-01 4.389478672424478867e-01 -2.514495058744365963e-01 -1.084211238113839092e-02 -1.655255355738750600e-01
6.580542117103301836e-01 4.820581942786470453e-01 -8.478940884721676285e-01 1.900725125669127519e-02 1.244355517978785519e+00 -1.224542228852954912e-01 9.855470019818007854e-01 -2.986011752157551880e-01 -7.775470093153134810e-02 7.939758598303110482e-01
2.204209742469207256e-01 -9.177794614936204409e-01 -1.392616732317704997e+00 -2.742897814412810220e-01 1.254708516637485172e+00 2.047352798043330091e-01 -3.643946959396235363e-02 9.519832130746522791e-01 -6.757851064623373594e-01 -2.000521178541449618e+00
8.651262807795582002e-03 -2.076453615597618541e+00 -1.816720190520107747e-01 -6.739090635035190902e-01 1.123180057491024592e-01 1.570269839419498326e-01 -1.997907657889635757e+00 1.650389432420405589e+00 -2.964074615959725545e+00 -1.081543936199902189e+00
2.097713337789277044e-01 -5.616954588972774554e-01 7.962936364321663296e-01 1.125589504949202846e+00 -9.475097449694468432e-01 -3.067049101433722003e-01 -2.084053160816658146e+00 -1.461375384541696576e+00 1.521888463417286896e+00 -9.066230722798674924e-01
-3.521792702953627924e-02 -1.420801876017945053e+00 5.625279026266014615e-01 2.314755520998162730e+00 8.482886602017566391e-01 -4.004082201227662091e-02 -1.801496767055636328e+00 -1.050661916204563173e+00 1.891726115887420789e+00 2.224826032557981059e-01
-3.128623854672367699e-01 -8.373184788674048473e-01 -1.000462164510283136e+00 -3.732400403239476971e-01 1.410385434789338754e+00 -7.921013194056111262e-01 -1.601021077744082532e+00 1.843192556509484215e+00 -1.317636392662182798e+00 -1.221811931729437362e+00
1.024963775281040324e+00 1.739851463019213840e-01 -2.217569968783918988e-01 -1.171617175008972334e+00 -1.144883874390281608e+00 2.827917235748644287e-01 1.838310816858706731e-01 -1.492702252476422742e-01 3.891876001753187542e-02 2.742557600437548967e-02
-1.506181899296721971e+00 3.909823874637541885e-01 -4.517580622155645265e-02 2.118506192571014968e-01 -6.084586122658638407e-01 1.347119393421862377e+00 4.037918978160697780e-01 9.871044314355597038e-01 -8.830501290245939411e-03 -4.635693153416045598e-01
8.590866889612500112e-02 1.261928506466094557e+00 -2.524514774690475929e-02 -2.033447532004341252e+00 -3.708987846269785060e-01 -1.148433985659392587e+00 -1.131918688082141022e+00 1.159321607707668317e-01 8.915928962390251566e-01 -1.295334028013573890e+00
-1.242234593775358720e+00 1.234504180315643795e+00 -4.131866609932866724e-02 -7.364920267929618847e-01 1.307679130314308269e+00 2.555867476882434097e+00 -1.129842765450887743e-01 -2.283654588956832932e+00 -1.012736252272351090e+00 -4.432069936370525154e-01
-1.424407319005638106e+00 1.183386784026483340e+00 3.291931256096608527e-01 1.747191926816648588e-01 1.167102724438313199e+00 2.725831862445668108e+00 -5.031611334629501053e-01 -7.664534629335409965e-01 -1.549215987006598239e+00 -4.241305700512100763e-01
-1.592002723322286206e+00 2.654604295901010214e-01 -1.870353687490692585e-01 8.220382037483305038e-02 -1.554406377938507333e+00 -1.048000578578638153e+00 6.158654540700226887e-01 -1.193278043579716785e+00 -2.135456858915405487e-01 -3.713274541856493860e-01
-7.324405178793390592e-01 1.445371126420088359e+00 1.759824096563009643e-01 -1.230872551933692716e-01 -2.450156438886131660e+00 -5.370841541027129296e-01 5.332942282758452723e-01 6.866993335770104068e-01 1.256744290605539716e+00 -4.314737785818380522e-01
-1.272033793922834999e+00 5.959252308527605013e-01 -3.520117461330500852e-01 6.612035856463837069e-01 -4.659044190950620279e-01 -1.114741944898029136e+00 7.548996243630715641e-01 -2.458665911586114250e-01 5.483976990333996882e-02 4.837154832446915464e-01
-1.071826984476610400e+00 1.310754249229184945e-02 -1.070128374312803388e+00 -6.727982445241829090e-01 1.734826387187814456e+00 -4.306485207407299010e-01 -1.147937692561211032e+00 1.268787405507807442e+00 -6.526505996117571984e-01 -3.289861071199324805e+00
-1.219142937661423787e+00 3.350342121378588889e-01 -2.188456517319097017e-01 1.461508283510221384e-01 -1.004327841152452550e+00 -1.039912991491122929e+00 -8.403357351903832650e-02 1.133118349508235090e+00 5.296706833196624942e-01 4.353911834703367845e-01
-1.457235138016813147e+00 -1.626959797158013254e-01 -3.957182203680066346e-01 4.133405842227317328e-01 -7.734128898767724802e-01 -2.134568767585121485e+00 -5.509383414892943254e-01 7.585362009898276581e-01 -7.874466929065035981e-01 1.308438276061402727e-01
-1.351093389201177608e+00 3.501731934586351236e-01 -6.399392063674059772e-01 1.164910358639869165e-01 -7.335493021547356829e-02 -1.369934787614026872e+00 -2.984468683212257705e-03 1.110563106315715087e+00 -3.327344848041239537e-03 9.587713293452627683e-01
-1.774602096044112454e+00 -1.645618701648714766e-01 -3.050414992108271273e-01 5.565839307171457362e-01 -1.889517501377961373e-01 -1.818428468304042811e+00 -8.681246736909478123e-01 3.949009673301018264e-01 -2.687771964331241659e+00 -1.380708862424953054e+00
-9.672959509647055532e-01 7.155811081159518805e-01 -4.383456217303241531e-01 -2.478724272482142332e-01 7.880344422709930630e-01 -1.747389319447217426e+00 -6.525647613368669442e-02 -1.396620010335947848e+00 -4.933377942030197083e-01 4.729068456161137357e-01
-2.554167163813267361e-01 -9.813309094986373271e-01 3.231394125551923846e+00 -1.216643114143947324e+00 2.702808920869764764e-01 -2.484870400377310884e-01 1.579263791348880952e+00 -3.419891618241124864e-02 8.021703774811013155e-01 -5.286389527604812982e-02
7.233463836361818666e-01 -7.773861109634736533e-01 -1.586612755070088421e-01 1.797400674164370438e+00 4.837503381854510454e-01 8.475173245700018398e-02 6.267934984019501998e-01 -1.388318846266413331e+00 -5.489020235366030842e-02 -7.889791639431774639e-01
9.019713632254889868e-01 -5.243261908083064471e-01 -3.591193374933113192e-01 6.738251298051038951e-01 -7.063925163884949843e-01 8.003578889273332830e-01 1.430507856360422547e+00 -5.996214736280861546e-01 -2.117938411577445154e-02 1.504549382263490054e-01
7.043419329912045113e-01 -9.074617087788683367e-01 -3.549340036695884382e-01 1.695695018393549303e+00 9.250282735556397684e-01 -4.014667932154584173e-01 8.765616733500721791e-01 -7.317974424615718565e-01 -3.993990725809102305e-01 8.780709384026061937e-01
-1.836386432892123111e-01 -1.108787081193884472e+00 8.393961290806698505e-01 1.866810334150843798e-01 6.325449997924609269e-01 7.141917849453743861e-01 4.101998958713865551e-01 -1.591558498103412322e+00 8.525778597923897584e-01 1.066508939838770320e-01
1.215289880632605124e+00 2.452923833529170761e+00 9.101514129885150961e-01 1.789756979094813572e+00 9.231317621881918178e-01 4.368310637689457043e-01 3.534556477813274866e-01 2.194246102022285871e+00 5.535506439003735624e-01 -6.494584845009904184e-01
7.060357274598670907e-01 -2.238618638282898476e-01 -8.540859804303841951e-01 5.330235126171769533e-01 2.022070806084606265e-01 -5.511319867810234030e-02 4.885206781335664217e-01 8.912892356961956697e-01 6.356611272437113769e-01 -6.970849635163751945e-02
9.540547622837680652e-01 1.706709305162234791e-01 -2.757079702975714919e-01 6.021180768521694482e-02 -2.579514222185900763e-01 5.869941571571661854e-01 8.760412787068859730e-01 -8.233122962910641718e-01 -2.864675575326628906e-02 -8.433339200978063888e-01
9.943864933099388903e-01 2.374238473737522864e-02 -2.810650779266261612e-01 1.007220022145206562e+00 8.917355341508609312e-01 -4.015709238234060896e-01 7.090825923199365333e-01 9.129446793635332957e-01 2.947193753158940943e-01 2.661598167857979202e-01
9.182892298814759879e-01 1.059498962600270433e+00 -2.483510516821658687e-01 8.246093422633992143e-01 1.501907085099505990e+00 -1.147870778162604743e+00 9.550756242810388708e-01 -6.542577710011353576e-01 8.390213376240847065e-01 -1.186696216782383351e+00
1.602956446978969218e+00 3.173346172183076686e+00 1.551407683000878279e+00 2.204258935607701364e+00 3.810871103524700043e-01 -3.042496492391879026e-01 -7.575687551565239986e-01 1.145740407241947922e+00 -6.698624719110340964e-02 -7.298893310499168230e-01
5.192684236923460483e-01 -2.691773090910364319e-01 -8.502303125460544120e-01 4.303228645962189347e-01 1.404682770143370618e+00 -5.065074946014194168e-01 -4.376301853605771841e-01 4.635843757038090041e-01 -2.368053294347888804e-01 9.221070954993666469e-01
1.121647459152504522e+00 1.761115169323778928e-01 -1.023833028103245980e-02 -2.663728881536612803e-01 -1.187405137631789787e+00 4.719793207446428829e-01 3.013285582679476882e-01 2.264787967497429721e-01 -3.682167803323403536e-03 -8.191752055624314244e-02
1.007609051655421917e+00 9.977333900758680874e-02 -1.600493065494030531e-01 -3.151986039002953044e-01 -1.471667184904649761e-01 -1.439225132051412115e-01 5.885823838704966615e-01 -1.090426946793939589e+00 -9.405850183793712516e-01 -4.774580821469700531e-01
6.078305148059123253e-01 -9.967451355160886761e-01 -8.166982399207108889e-01 -1.722489586595918887e+00 -7.961904816117205685e-01 5.075172163588045349e-01 -1.508482764446426039e-01 9.771872949384040608e-01 -7.462595784083364547e-01 5.647884770127232779e-01
5.845629479476958934e-02 -1.338241640280891209e+00 8.515309229290658477e-01 1.709929286713077090e+00 3.176439538782239724e-01 -3.761047382435243613e-01 -2.200251686943989426e+00 -1.379126508248238459e+00 1.332635140258107587e+00 -3.025885179061206798e-01
7.796153978129358730e-01 7.084933941974914662e-01 8.148174119970325036e-02 -1.184263794959803828e+00 1.228240507727428765e+00 -1.266564974491832363e+00 -4.997751303503866205e-01 -3.507212389056432039e-02 1.459683859943190054e+00 -5.798613598388462353e-01
9.003091032656537207e-01 5.814339245243288490e-01 1.486775717527677454e-01 -1.007874886250795660e-01 1.357078689483785794e-01 -1.213954483829731590e+00 -6.518838336534374944e-01 -2.070959912660860769e-01 7.138551484420794235e-01 2.098838438541190399e-01
7.650000128744762762e-01 3.593006105048472398e-01 -7.542530704805695541e-01 -4.237448577336418998e-01 8.041931602672681978e-02 2.781703203470008434e-01 1.391243241875941949e+00 -7.311802964328567578e-01 6.902527300304829305e-01 -4.463364115165604495e-01
7.880217675600467153e-01 2.633498681152283694e-01 -5.012371194396213481e-01 -1.679851805741772619e+00 -7.320424829086723262e-02 -3.427274879318640277e-01 1.332371796064949106e-02 -3.648651717053830734e-01 -3.017884468969172507e-01 6.124964684810725313e-01
-5.363575066631666166e-01 -2.010304313879947458e+00 3.546201820298819918e+00 -1.554703693401316089e+00 9.823623176937921198e-01 -2.577293599468417074e-01 5.613464127309426566e-01 9.288995065006089291e-01 -4.238290452085478888e-02 1.419673177264063890e-01
5.211866401513727265e-01 -1.342620742607176565e+00 -3.337431758624812006e-01 2.788277085882499007e-01 -1.386108949083808828e-01 5.381992976124034822e-01 -1.669745784374992159e-01 -5.908491999889713409e-01 -2.480790060312491274e+00 -5.141393719479352142e-02
3.515677522468586003e-01 -4.634005952047855481e-01 -7.614484782009087738e-01 -3.451072284782610855e-01 9.249850587963649451e-01 -1.091799486649370765e+00 -4.280419042129506857e-01 -6.751703527728918353e-01 -1.118423157897932042e-02 8.467471548735552300e-01
5.752438013103448045e-01 -1.040344337579434564e+00 -9.938439658878727156e-01 -5.837450913807291641e-01 -5.324095643314535886e-01 9.090820039105447226e-01 3.605516254558921996e-01 1.096906945752488038e+00 -2.819347429610351008e-01 1.076325367529145760e+00
7.630673770594786909e-01 -8.633307678923670681e-01 -5.132684721849413156e-01 -4.961367882468576407e-01 -9.669707934535941296e-02 2.439915886306838200e-01 3.378383100016306706e-01 -1.193573594187536058e+00 -1.816988962600345481e+00 4.564529357331442161e-01
4.598090369944556888e-01 -1.524137874326051190e+00 -5.316434369555521622e-01 1.110839393954037968e+00 7.482221206286224779e-01 5.318994561197682991e-01 1.170648041902419279e-01 -6.130431697014665504e-01 -1.577669217209246133e+00 8.183724185061814760e-01
-1.036227298128918894e+00 3.972772945076405993e-01 -3.345670398396070611e-01 -5.529340747470654627e-01 -6.448224634367782926e-01 -1.133812798957685386e+00 -9.524762634690583929e-02 -5.755658065887987451e-01 1.448006576343392471e-01 4.514054893106530519e-01
-1.608327113732832325e+00 6.129570500776665432e-01 -2.521187004772829088e-01 -2.878938020614351667e-01 -6.341698468738491412e-01 9.884412962303484873e-02 -7.963690746244847865e-03 1.875077846388556457e-01 -8.446228984331717315e-01 -6.140935478589677476e-01
-1.725991885242528001e+00 5.123143435640078458e-01 3.126463138476431314e-01 -4.821311753279409196e-01 -1.559224686784994596e+00 1.622182408382067287e+00 6.534096392624124672e-01 -5.191384876436010432e-01 -2.161098525717741747e-01 -7.525150320006966931e-01
-1.530254256482908248e+00 6.035144313920292047e-01 8.015259831359236031e-01 4.042078991889109241e-01 -1.254825715446671985e+00 7.509859344657898728e-01 5.392573742200317266e-01 7.952535619687317592e-01 -4.275808556056946430e-01 -1.019358337664928227e+00
-2.088902141424807457e+00 8.000361943750937399e-02 6.858617664237083578e-02 -2.426173610774332717e-02 -1.577525683240357246e+00 5.670005912237360279e-01 -8.734809536342579006e-02 -7.670562422299983529e-01 -8.435366083776799639e-01 -5.010922690022330261e-01
-1.835318713927533096e+00 -1.943580506137198016e-01 -1.218044060283935692e-01 1.079381345410422188e+00 -9.061010761295584803e-01 9.286959643510636075e-01 9.247495649819651442e-01 1.754855354165974379e+00 -6.550217561262624555e-01 1.333196045996160484e+00
4.094931897562523182e-02 6.372270661109696865e-01 -9.542553257282595514e-01 -4.429668070797492252e-01 1.819884207504980589e+00 -1.008776477468263710e+00 -1.992373774976580469e-01 1.383596934007277124e+00 3.071672147356784954e+00 4.151134911043412590e-01
-2.395747129583828405e-01 5.457245316024674775e-01 -6.869078214287083206e-01 -7.753013945299355170e-01 4.701662278883094181e-01 -4.830280032553946890e-01 -5.031705742523718827e-01 -6.243327952344466247e-01 1.439429958864704817e+00 -3.726630722823703890e-01
-1.208008953019130249e+00 3.069897728958944638e-01 -3.503345506663593234e-01 1.086438285575691776e+00 9.474876613451934659e-01 -1.426769306890923517e+00 1.202424135606083855e+00 -1.237205162830513849e+00 -4.352472327320343060e-01 -1.211850906152507276e-02
-1.339687584928466180e+00 5.363945027964529544e-01 -3.323349355378074077e-01 4.495491907037238999e-01 -4.296029646016875092e-01 3.000873768318756962e-01 1.118330022636889520e+00 9.795900863645329304e-01 1.615246509321901502e+00 9.646670449999148467e-01
-1.216827401785845142e+00 7.337706255377705045e-01 2.867767117885290373e-01 3.949433919009329857e-02 -1.018479401508499693e+00 1.054072425546470404e+00 6.686515372336720997e-01 -1.360182170990506645e+00 2.367831813534402863e-01 -2.700543999847305754e-01
-5.717032762018257053e-01 6.893233705905467135e-01 -9.310460940440713484e-01 -3.719227911939207987e-01 1.992490007934584861e+00 -1.248784400554792562e+00 -6.711526718539219116e-01 9.663610014706255358e-01 3.043733102111169653e-01 7.514574170825844002e-01
-1.313636295391951814e+00 4.023585800760587916e-01 -8.081474304687022436e-02 5.109893053481158187e-01 -1.337237064458372870e+00 -8.661881569877725173e-01 8.260256540883628151e-01 -1.213647342434385656e+00 1.877568322650667934e-03 -1.164506945434905072e+00
4.249466168289967594e-01 -1.851691296381683616e+00 -7.621889656592288897e-01 -3.893119909054063021e-01 -4.168267251964098419e-01 9.958506134785950481e-01 -8.806159236115455036e-01 1.382063172736506473e+00 -2.392599120516184730e+00 1.609059445842941360e-01
1.150793362013073695e+00 9.082622079051749786e-01 9.468643444125456055e-02 -1.246128393843593196e+00 -8.931651993328623140e-01 -1.802236222564730928e-01 -2.265495394420969366e-01 -2.379946672778653072e-01 -4.408078142606437488e-01 -2.742089399455460152e-01
3.861737262751443467e-01 -1.081375353235286899e-02 -1.309134109810804247e+00 -1.368572348354444856e-01 7.764753004659931124e-01 3.583050081843434653e-01 7.483072377201370751e-01 1.326299791357774760e+00 9.713548050439614334e-01 4.216660358515918472e-01
6.152154143740821146e-01 -3.832970825561425321e-01 1.789153505726581994e-01 -6.187516647772060008e-01 -1.107067669929856724e+00 -3.823335512257450830e-01 -4.268080780002871943e-01 6.947769601608879686e-01 9.382556032039103266e-01 -7.560842829991347436e-02
-2.131305704432531201e-01 -1.653560205849081477e+00 3.657088163999033109e-02 1.906294253084400259e+00 2.297582637059963073e-01 -2.545332510020632544e-01 -2.856448697314627694e+00 -2.734566147954620163e-01 8.752590985634163268e-01 3.066889498436951023e-01
2.354144989343514571e-01 -1.139274233197094199e+00 2.292813008424275933e-01 6.811896797531250547e-01 -8.780693478054527046e-02 -3.279384933183108197e-01 -9.782399178864630285e-01 1.447662312713823840e-01 1.341573789919684678e+00 1.024882097216722396e-02
9.700682492461347728e-01 -1.466170622409799784e-01 -2.710272353577127813e-01 3.951069663857296743e-01 -8.337548786113154753e-01 3.039266121448362390e-01 9.365515602466011336e-01 5.345498117411860983e-01 2.227559088363947060e-01 2.191547063403456175e-01
9.516564489920248393e-01 -2.588038479566999173e-01 -1.414968503692074220e-01 -4.471062854758316996e-01 -6.437285883222388927e-01 4.331426954344189673e-01 9.492132444063032803e-01 -1.054698246059170286e+00 -1.061394789108511594e+00 -4.415485556530377442e-01
4.673950052702371960e-01 -1.665592973511007102e+00 -8.820281970328256449e-01 -6.018984954172701407e-01 2.649962089289618558e-02 5.561054981397188790e-01 -6.730952495160523741e-01 7.973995299671720050e-01 -1.909927267284798669e+00 1.492707167720745964e+00
5.081725315092320283e-01 -2.211701450168165051e-01 -1.008701545933780697e+00 -2.406437083097621721e-01 7.944934339426419356e-01 2.310574896825385791e-02 7.993277039480570778e-01 -5.254973623044298936e-01 3.789561451162408723e-01 4.273780411640240584e-01
7.059475523023914789e-01 -8.262174594393444371e-01 -5.922280013964011935e-01 1.565384151863341844e-01 -4.111545373890532762e-01 2.418488384619150444e-01 5.579456179921872261e-01 -5.758230577176037812e-01 -3.915440415671067043e-01 8.433460352625684608e-01
1.020678431118500429e+00 8.420698456128920817e-02 7.188028417148982496e-02 -7.842773467501589213e-01 -6.837515559631196504e-01 -1.306765760472765325e-01 1.010612154359357383e-02 -1.082619863451085074e+00 -6.721488277944070999e-01 -2.755363013850260501e-01
8.567132338915751655e-01 -7.198731549761424597e-01 -5.392724463484669384e-01 -1.388441747683542317e-02 -8.586869006730933895e-01 6.360193427541513955e-01 1.254997012469295514e-01 4.962561715686273911e-01 -6.327492725592456235e-01 1.608296374351078306e+00
4.909168475066917892e-01 -1.505287412877313602e-01 7.352548494106865284e-01 1.747725647846905872e+00 -4.546704970400027301e-01 2.389982523728811092e-01 -1.695337970072997580e+00 -6.744014439110844472e-02 1.584658604777923863e+00 -2.912590754034508844e+00
9.347857637238181638e-01 -2.631767710852229714e-01 -2.871279411729694142e-01 -1.433926860733175657e-01 -4.341444097893996101e-01 -5.443034509667010745e-02 8.066547431734703011e-01 -7.161794682986866167e-01 -4.624448410151860700e-01 2.720009761680247662e-02
7.183779340386391432e-01 9.966052949967534047e-02 -5.584759014280900047e-01 1.250477410512998322e+00 9.058428407653585923e-01 1.876274949278202153e-01 1.263573259716994635e+00 4.025044667541321508e-01 9.541603874832365051e-01 4.933042906411833073e-02
6.588806589490601162e-01 1.869038027626575282e-01 -9.247399268272754602e-02 -1.155268357442648997e+00 3.422300587503042668e-01 -1.435937937504841333e+00 -1.704116543063666223e+00 2.242869249291356282e-01 -1.229029180323312070e-01 7.792342861627273853e-01
9.949496737878250618e-01 -9.166174294389407839e-02 -2.223386807840903590e-01 2.689763862404691008e-01 -7.342807716506011273e-01 3.258499999742487385e-01 4.347182609368870077e-02 4.478499827755644813e-01 -1.785714627233877527e-01 1.138936331160027571e+00
4.296989515703268925e-01 6.189063519493099852e-01 -1.057107473819117960e+00 -1.914206457092477720e-01 1.228919727347141055e+00 -3.751555742053479942e-02 4.300879410944317138e-01 1.131684132729448233e+00 1.028310765007106831e+00 -1.346945867972514588e+00
-4.476866350595926636e-01 -1.784808118215675865e+00 5.752809931029506663e-01 1.185825851823577137e+00 -1.146229433687438390e-02 9.383091784290945592e-01 -2.540543443952187896e+00 -7.441888446314102179e-01 9.434933600265487108e-01 -9.501029898726163214e-01
6.469418700441009751e-01 -1.510606064573757901e-01 -8.839391016396027645e-01 -2.702988684513673578e-01 7.211007945326424196e-01 4.708026610832720393e-02 1.218993354098001358e+00 -7.096529150154320398e-01 8.428955900033778814e-01 1.876207031778305001e-01
1.325509718830953920e+00 2.605475730515768973e+00 7.123943783502797444e-01 1.272770077247746601e+00 2.353497055393916959e+00 -1.359714129704848506e+00 5.010228280037193338e-01 6.413163305869337139e-01 -7.174333997677710961e-01 -4.474499209913409992e+00
1.970793177939593466e-01 -1.763160221572719899e-01 8.732001444867079076e-01 -1.817116100264612566e+00 2.377951674969343454e+00 -7.239703083056732158e-01 -1.539727046033404267e+00 -7.917811589313600296e-01 3.614605931218805579e-01 1.802843850032530781e+00
1.639961960463315882e-01 -9.817182405539823797e-01 -1.168410820369966574e+00 -3.502456350374256733e-01 8.614995472620727845e-01 -5.356006689431083156e-01 -1.767671959306956198e-01 4.618197160906114540e-01 -8.393685480632588902e-01 -1.504216697085259957e+00
8.416036443339466322e-01 1.793237123316580028e-01 -8.080897387632446360e-01 -5.632435860484470425e-01 7.704976820679112007e-03 -4.195844689425333729e-01 -2.121835114554678769e-01 1.431895857320951926e+00 1.038607186611590461e+00 6.352547739440356223e-02
7.404925401002780960e-01 -1.014536928034106333e+00 -4.696539594775996918e-01 -1.601662317039136973e-01 -8.675998629874202006e-01 5.667974835834179714e-01 1.364716417529179826e-01 2.729292406554467004e-02 -6.055418050507984651e-01 4.498118296824284990e-01
-2.021246110627211490e+00 3.869463232971032118e-02 -5.549538306627123108e-01 7.106346735618769284e-01 -7.367595780529089255e-01 -3.235208114875612884e-01 5.488948642045162751e-01 6.733205373728459175e-01 -6.645229822460608782e-01 1.111388386087385216e+00
-1.689041871380165816e+00 4.983427784473220545e-01 4.584915692859303782e-01 -1.734407363985187023e-01 -8.258651029826784562e-01 2.234418974985107553e+00 -8.235167391475100018e-01 1.573767774450508306e+00 -5.917654601802754266e-01 4.114540374494621289e-02
-1.276729009757677336e+00 6.779151805312594314e-01 3.137489895746489732e-02 1.276650744735384313e+00 -1.313860144480006875e-01 -7.108030041600794657e-01 1.538195159119021271e+00 -1.087196591836280701e+00 -5.624942403781346689e-01 -4.842496896458369227e-01
-1.945949925300769046e+00 4.598665655035407696e-01 2.062383565484394998e-01 5.406731406047534660e-01 -1.154353655973177073e+00 2.476636483971866642e+00 7.716847621480048547e-01 5.024982953258330554e+00 8.167136573336779559e-01 -3.817606755335575919e+00
-1.440057863639488955e+00 8.051638428696560740e-03 -6.311303874933961167e-01 -3.997691088128597081e-01 -2.975801704243380419e-01 -1.488749552457820702e+00 -1.541958077268331229e+00 1.335505140072066999e+00 -1.484481629531883007e+00 -8.074794990067919453e-01
-1.489654319592396359e+00 5.675977304171331284e-01 -4.021023934727065985e-01 1.672487380759103137e-01 -7.552652818418564840e-01 -9.512664461307894781e-01 7.489226348655894094e-01 -1.540101813629469296e+00 -2.439217724568710499e-01 -1.454579289994718250e-01
9.468198687912564582e-01 3.643203843718032964e+00 1.284487918993133526e+00 6.924292316986653262e-01 6.759210735246509172e-01 5.707384822503087651e-01 -5.940780436535051390e-01 -5.280808677643540339e-01 -9.345696512602011397e-02 2.299696125413889514e-01
2.212108053856740586e-01 8.587876984849929229e-01 1.381850160465442068e-01 -3.437264400511888862e+00 1.093857805989583432e-01 -3.239396014288162817e-01 -1.546029621692207590e+00 -1.176657846025362053e+00 7.801334169654364770e-01 -2.126191595492310793e-01
-1.702995885091253436e+00 3.071679530023284088e-01 -3.594968250934238996e-01 1.714898963987659952e-01 -8.615225304400874196e-01 -6.551395447113113057e-01 3.397440575276620689e-01 -1.942697289945724548e-01 -5.935895800870206740e-01 -1.086509584928667810e-01
-1.855976708161934496e+00 2.012495982118054361e-01 1.731044920004937426e-01 9.685931281724050601e-01 2.708240596330134253e-01 5.168859352502571669e-01 1.475318092675085735e+00 -5.122256984991607753e-01 -2.970030318871685338e-01 4.849094702119330358e-01
-8.945816478088572943e-01 8.072262872414979196e-01 2.407937582938846077e-01 8.845357355459340098e-01 7.021400075931680251e-02 5.685633887759692362e-01 4.222648355907103190e-01 5.946619226293738958e-01 4.873937386654296766e-01 -1.198958183683959122e+00
-1.156724249026574780e+00 5.552007705106296563e-03 1.631537886020315575e-01 -1.333639518035124871e-02 -2.718255936283002216e-01 -2.161312420878074292e+00 1.474414045052987732e-01 -1.170905495025807541e+00 -1.284924569950911311e+00 -9.357235811779346379e-01
6.813412571409104279e-01 -8.712715187552433349e-01 -6.230306169658507143e-01 -6.475538143424222626e-02 -7.209980911187372499e-01 2.965141691299287841e-01 4.898822185294492426e-01 7.596922105595037555e-01 5.144195990784102002e-02 6.457016260609015346e-01
9.178325958714482757e-01 6.617963603411794460e-02 -5.319544557918474137e-01 -2.144638836704581830e-01 -3.482996456637922345e-01 1.116793336489238786e-01 1.221623543291838893e-01 9.906913585428382962e-01 1.683228095382659772e-01 -5.250156053919495802e-01
1.234333053957733517e+00 -3.090564299123514380e-01 1.421436884434410519e-01 2.698661182253629942e-01 -1.161098195333697625e+00 5.320679486391779456e-01 8.378000902058023724e-01 -8.900436832186268132e-01 -8.813146638088189544e-01 -1.866743003296433001e-01
-9.372750062047693898e-02 8.213214898345229109e-01 7.782083959481392310e-02 -3.285564295285292591e+00 -6.851323603609003055e-01 9.503931220447081607e-01 -1.633711837639368447e+00 -9.228451038495476544e-01 1.182392849708296501e+00 -7.881418028330170467e-01
9.207824970256403008e-01 -2.735644439451041104e-02 -4.695596524828264395e-01 -7.021882632030527205e-01 8.360219290557358018e-02 -2.388648411873242061e-01 -9.854191337065114353e-02 -8.183163486887008453e-01 -1.228278400731203091e+00 7.744959222886735883e-01
1.272354129039859005e+00 9.773826242137771958e-01 3.258968806333508161e-01 -4.840953831185246248e-01 -3.622145658408967850e-01 -6.480641222192389250e-01 -2.510394851492400159e-01 -3.321443420460771789e-01 -2.982025291285175794e-01 -2.854492218030017514e-01
9.658931747350093522e-01 -3.165292452894477582e-01 -2.325974853134947784e-01 -2.586302839681651755e-01 -7.047790869788792545e-01 1.273991545006091242e-01 1.745926179052991467e-01 4.017105514308537129e-01 -7.044563518703630400e-01 1.314914823990527559e-02
1.140089592637994143e+00 -3.775462698350651181e-01 6.570124230490917427e-02 4.256146421602866048e-01 -1.156343809472082595e+00 6.820031273937215976e-01 4.173693295666546232e-01 5.776957841229884982e-01 -1.644567058798538373e-01 3.970504551122439607e-01
-2.873212907644042691e-01 -1.800884068943148675e+00 1.091796262446145249e+00 2.183113710943621388e+00 -2.099965456384220441e-01 9.066252891262528424e-01 -2.902868550421747518e+00 -8.012427892168703103e-01 1.264233662005561420e+00 5.019478971277606671e-01
1.309533788881166450e+00 7.836573498581717034e-01 5.615399540081278396e-01 -1.027157495918547547e-01 -1.318752684622983562e+00 3.940296966211930263e-01 1.442104600282896609e-02 -1.829425476903586978e-01 -5.677162072003220095e-01 -1.873379300735303066e-01
9.366385376719859046e-01 6.219086856581060863e-01 -4.381063761096694043e-01 -3.528846677593487913e-01 4.533182237470788634e-01 -3.203443023360225128e-01 3.497039454816823767e-01 -6.534276041547965042e-01 4.103447753305414225e-01 -3.691427560490848081e-01
1.051022936322881796e+00 4.434154338706143839e-01 -1.379407390407878797e-01 -1.597904582704444409e-01 -8.654640759146988716e-01 4.430440008362891702e-02 4.807994661540214709e-01 -5.021434456604110252e-01 1.052153780800400978e-01 2.186519149097420622e-01
8.345673677521617817e-01 -9.962136967047811875e-02 -6.559841999629166531e-02 -2.400401442929604168e-01 -7.203383806658275601e-01 5.367498115387896174e-02 1.066039539857494556e-01 -7.153828137071317483e-01 -1.151967527802359031e-01 -2.607901862379994884e-01
-1.226795523846336833e-01 -1.376401817178074083e+00 9.451309504854907839e-01 1.644780053112136153e+00 -1.718327111045129807e-01 4.491231939916555671e-01 -1.915863707084078493e+00 -1.740182225903139868e+00 1.200491104349942884e+00 2.610502755439584321e-01
1.111905622114433223e+00 4.693709658735666784e-02 2.000243150539316173e-01 2.492526444320292411e-01 -1.437791259981416880e+00 1.102256167758010053e+00 3.496028816998222322e-01 4.361912433577931902e-01 -5.029930864907521393e-01 6.469928197803800352e-01
9.160223666850256241e-02 -7.970763092049583109e-01 2.809091701652586259e+00 -1.217282055759049131e+00 1.187325615669769352e+00 -1.059831280823070321e+00 9.341737024272870338e-01 -9.819532253729410520e-01 4.917075608825462463e-01 -5.112151660141062148e-01
4.331586126900357492e-01 -6.228155951909362109e-01 -7.031392108576161037e-01 1.176348406513904488e+00 3.234009253548407181e-01 7.768435610032038419e-01 9.529670624235855314e-01 7.432791880343219137e-01 1.170455362016649570e+00 2.144477280359150528e-01
7.233854064699729580e-01 2.872346963883039006e-01 -7.858912639598066852e-01 5.460148209194347624e-01 1.270380916511133940e+00 -2.984990852713311771e-01 8.107297121695982156e-01 -5.287300440334212759e-01 8.093607103693746252e-01 -1.032228107749225909e+00
-2.513483605630859041e-01 -1.563270441050852444e+00 3.276036452963019929e+00 -1.272626837674526667e+00 8.243929643819190023e-01 -4.084643753774767072e-01 1.322813420876788770e+00 4.276289250994022018e-01 4.201368502946400962e-01 -3.692979063150422236e-01
2.591287007822187238e-01 -1.521501152672372348e-01 -9.597630987887595388e-01 -2.906808753035841630e-01 1.756041168479360870e+00 -2.658615180703999270e-01 -2.510567892017793318e-02 -1.049456838113083768e+00 -1.875104540206771198e+00 -6.837717183112895780e-01
-1.188344884270841950e+00 3.619399787956225634e-01 4.575288303483581731e-01 5.264754738311218096e-01 -1.241595239109679394e+00 3.112966662039076127e+00 9.871061094201640795e-01 6.887881490412282481e+00 1.802108941566348932e+00 -3.020643384181948665e+00
3.401163839088466312e-01 1.399758834745893320e-02 -1.025341539075144803e+00 1.712935122718599878e-01 1.143466867900633677e+00 -5.583177603511279008e-01 4.158286083779091369e-01 -7.900728458597714443e-01 1.261525252294241284e+00 -9.648332125159498895e-01
8.537834490681871502e-01 -6.087160306866215009e-01 -3.641351887092213468e-01 -9.678539740335676544e-01 -9.149887599165702490e-01 7.529378255908921735e-01 1.754562914852784150e-01 -2.528311151402828916e-01 -1.380927677094672346e+00 6.271301631155542511e-01
-3.848570159937859253e-02 -6.896406003774504523e-01 4.588737837758166016e+00 -5.644909261603152650e-01 7.970691943986769612e-01 -5.733119193655887846e-01 1.686218696436201814e+00 5.159240525861531479e-01 -4.243694634863681703e-01 -6.983544004178753040e-02
1.442461481886308849e+00 4.633400329813384677e-01 1.972932118992271333e-01 3.375037654991173697e-01 -1.938525046502813876e+00 6.396660078486688938e-01 1.990939155683071060e-01 1.494008789183383090e+00 7.122515861564964190e-01 1.077475184850451129e+00
3.653622496021927124e-01 -1.301612624255689132e+00 -1.130211824735553927e+00 1.231118442866880186e-01 1.509642774856278180e+00 -5.330833375042040023e-01 -5.744270670403056611e-01 9.842629430854942241e-01 -1.283038852061429091e+00 -2.437341246334409739e+00
-1.311946062438917426e+00 4.093520282312647085e-01 6.561357061733813500e-02 5.704121911879752593e-01 -2.201648040541688722e+00 -1.046755514457471836e+00 9.728768025611819192e-01 -1.466248195096279128e-01 2.171725369113259585e-01 -4.194040610662839175e-01
-1.371772469520559534e+00 3.244905213333474370e-01 -2.238507686695108689e-01 -2.847219561899633766e-01 -1.238279423225268516e+00 -1.249561698204572302e+00 -6.564004914976222516e-01 6.113728292985193269e-01 -7.207746387823816825e-01 2.739371966984988638e-01
-1.425551182149557228e+00 5.853724708595396953e-01 -2.715511363850460214e-01 6.262922227249093088e-02 -9.413522201067928696e-01 -1.205347887052643951e+00 -2.341238127872721439e-02 -5.611464563933381555e-01 -6.216630027828485838e-01 1.502404558037795101e-01
-9.059408867724040304e-01 -2.657562931185016020e-02 -7.290941169055041859e-01 1.269320174021614511e-01 5.859331585357054895e-01 -1.566148737125508505e+00 -5.348328239791150240e-01 1.124334862332487361e+00 2.540164703177778538e-01 -4.471601206152158170e-01
-1.662770797212926643e+00 -2.022976102374358931e-02 -3.078724869531252462e-01 1.341580335554564574e+00 -5.608922926418210553e-01 -1.195017293418254134e+00 9.244044331830637562e-01 -5.514166476286853635e-01 4.368733749961782875e-01 1.002549810846750766e+00
-1.687050867051080427e+00 2.094457387059037723e-01 -4.296475822947835033e-01 -1.955041873456051515e-01 -1.476252724606141875e-01 -8.643477851384696875e-02 5.940615137303820736e-01 -1.005763195668129217e+00 2.041401187746546967e-04 3.082428985255674658e-01
-3.807347447484945580e-01 3.037973696822358627e-01 -2.357760433716829807e-01 -2.935846575939931924e+00 5.128565953040966630e-01 -1.225337300104219818e+00 -1.871675610234240450e+00 -7.429033008462446741e-01 -7.895638134527027674e-01 -1.424768002866112271e+00
-1.249865133920389226e+00 3.403202723210925484e-02 -6.925473064285566638e-01 2.294076183639476574e-01 3.603495084114740066e-01 -1.625746376551892025e+00 -5.122559318739606793e-01 2.655185480515775964e-01 -6.527709887573985847e-01 -5.898169401046812060e-02
-1.021047760692008755e+00 6.773730235502752883e-01 -2.385419283324611284e-01 5.337092757333653514e-01 -1.297035542895021432e-01 -1.261352619441959977e+00 3.108479906307508589e-01 -1.420462208933390924e+00 2.107476502577604327e-01 7.003277386456013831e-01
-1.279669870355352179e+00 6.634226683647608258e-01 -4.649438871209114477e-01 6.277479449644569609e-01 9.353826898250463540e-01 4.397391764983403228e-01 1.335723682482145014e+00 3.287897859682685775e-01 8.447179895075415113e-01 1.010288945375920733e+00
-9.570599824030485703e-01 5.775738901454283702e-01 -1.860927862831530388e-01 3.522466441694573347e-01 -9.898751252577252524e-01 -1.839820193263014270e+00 6.938532548383241627e-01 -8.054357524610529229e-01 4.705045534974593435e-01 -4.174711772438253754e-01
-5.666779854455038512e-01 1.085571078888434737e+00 -6.211328169831562551e-01 -6.573195020216613393e-01 -3.116311870350412239e-01 -3.705041922101874330e-01 -3.553630771643091074e-02 9.977997713705634153e-01 1.874192543135848821e+00 4.675610298833667855e-01
8.447699215824565622e-01 -3.941638507279622283e-01 -7.434760643310467376e-01 -1.615019313138644219e-01 7.169903751265667424e-02 -2.476403425484762777e-01 4.806246216409367222e-01 -2.842926917241672680e-01 3.632515867565957457e-01 -4.269818784583270799e-01
-6.019445373548940048e-02 -1.410944900885460873e+00 3.749634128300024516e-01 1.881173897277869766e+00 -4.213893484790978694e-01 3.896749900607027750e-01 -2.788641789611922661e+00 -2.480693214321664508e-01 1.496902750480116007e+00 2.090506330349219954e-01
4.369704093182990023e-01 -5.250661804427391166e-01 -6.165404936361481569e-01 4.416315983475732621e-01 1.784056229173256014e+00 -2.195744049188375346e-01 4.695855257885947487e-01 4.988735619237424368e-01 -3.200165494554547269e-02 8.134960321024997665e-01
1.254123579995006343e+00 1.322227101547598094e-01 3.569771183901641609e-01 7.949680109115982163e-02 -1.024911524299620957e+00 5.354128769606246729e-01 8.072053017193737690e-01 -1.115017737948987175e+00 -1.221106947497381023e+00 -3.004865911131479050e-01
-3.125621123200290619e-01 -8.978329634753140498e-01 -4.221123210829978434e-01 1.970765716552445035e+00 1.733260281790738544e+00 1.170415725901863407e-01 -2.536811012759666584e-01 -1.585500004852197775e-01 2.170085890068025325e+00 2.732690840664552256e-01
3.068344725075223579e-03 -1.195037958130120925e+00 7.535463487128368776e-01 1.081322692001201125e+00 -1.017870036253179178e+00 1.312351017570806688e-01 -2.506460726707551157e+00 -1.612715123346266877e+00 1.360464766687742300e+00 -7.131639840724741664e-01
-3.254877510503522559e-02 -8.711078937839270564e-01 8.406828771332373051e-01 1.358590096888082188e+00 -1.080042020470965980e+00 1.145429859684871099e+00 -1.748523379960037261e+00 -1.939834873459406195e+00 1.215910832697121968e+00 -1.230205034644399120e+00
2.108440518435972244e-01 -1.460969616725351861e+00 -1.014731855860106613e+00 2.539710603003897949e-01 1.583523632226161659e+00 7.228590325096964087e-01 -1.655312049903896465e-01 7.799304112502667419e-01 -1.460163036569262829e+00 -4.126113501180436849e+00
3.952368591642415052e-01 1.651982300494135025e-01 -6.092725520315326326e-01 1.071683347374154494e+00 1.807540935194105636e+00 5.891704878022933078e-01 1.419145802360352038e+00 2.078064002380075603e-01 3.013762613573102711e-01 -1.765003803919729108e+00
-4.276511484039587918e-01 -1.805983994989034391e+00 3.563349584221342070e+00 -1.187918161763376945e+00 1.618109792580678663e+00 -1.281841576992405862e+00 8.176660033326089705e-01 1.025967231990655426e+00 -1.078354901492043272e+00 -2.133887558938505069e-01
1.283366487359225427e+00 9.175826795978532235e-01 9.080329969068705320e-02 -3.842869744381252062e-01 -4.331486465568912259e-01 -1.800077016975272781e-01 1.610842394265200525e-02 -5.349060681438374543e-01 -6.657131727205949367e-01 -2.077516365958642086e-01
3.193523191160471675e-01 -8.997741463849093790e-01 7.851982355300515248e-01 5.366413770123836802e-01 -5.562588536255960170e-01 -5.388277193472403859e-01 -1.925532161966818645e+00 8.258958103162238051e-02 3.140008605489880145e-01 -5.606403654093733424e-01
5.966334731613882614e-01 5.212716061630408015e-01 -1.891328907166340764e-02 -1.490832532011353573e-01 1.830748354012357304e-01 -1.418941183304618159e+00 -3.440745705475950489e-02 -7.846227359531471324e-01 6.191620228100070955e-01 -5.354890504351802472e-01
8.693951116711936544e-01 5.439380020903759050e-01 -8.433655292207026255e-01 -1.993616224673310650e-02 3.257228542831432372e-01 -2.509631907829282804e-01 9.169513001058013923e-01 -2.827270487851042402e-01 8.832150594829626389e-01 5.853378855267595826e-01
8.911740363017930378e-01 2.568702789465796554e-01 -4.047369788557946824e-01 -1.379225028455677848e-01 3.145570088970758293e-01 -4.808928053054861707e-01 8.941566873997301990e-01 -9.906731247340397895e-01 -1.378208134815091801e-01 -1.039280242091570772e+00
-1.252168406274421341e-03 -1.663221073966586194e-01 -1.603620551139589567e+00 -5.659152428039785354e-01 1.805227307018891780e+00 8.909671080550256583e-01 4.487680572861294515e-01 1.455919344918128022e+00 9.720729993537750024e-01 4.860647758514113348e-01
3.389118819514485015e+00 8.202834684340581717e+00 5.196852719702226509e+00 4.878886899373514829e+00 7.975584574821016348e-01 2.303551065315094515e-01 -5.158868038121050326e+00 2.355435036670646021e+00 -5.230925705296297856e+00 4.244612130877870371e+00
1.650131592064675856e-01 -8.161439169458185872e-02 -7.693161917803603700e-01 4.808150962270139051e-01 1.613660733268254432e+00 -1.243864167872014370e+00 -8.061921153465003709e-01 7.976856960908208505e-01 1.981803228552795115e+00 8.811450840180136135e-01
5.247628368381205277e-01 -2.166445267654490969e-01 2.898692372971934939e-01 -4.872581852942629577e-01 -1.344275400806424825e+00 -4.062071844651028441e-01 -4.343614188285620931e-02 1.155940409626684984e+00 1.382527215208232629e+00 6.526337121698613242e-01
-1.455622411225068469e-01 -1.167650117368433715e+00 3.863641933234054804e+00 -1.010636212630843467e+00 2.447847310868761228e-01 5.469363241983060675e-02 9.376895485685444731e-01 1.572418253668202981e+00 1.571937079421860117e+00 1.131803921234426857e+00
-2.499262657248770003e-01 -1.564546184484394198e+00 7.380630077240259990e-01 1.118629149568210135e+00 -1.347402992681501210e+00 1.666673380905585811e+00 -3.225011439874955421e+00 -6.879788622182125835e-01 1.664868893897564206e+00 -9.596028631343556103e-01
4.588906872102496148e-01 -3.536369184029560797e-01 -9.143236261291619593e-01 4.201391559701367351e-01 1.185520326700419735e+00 -5.037808197377788844e-01 4.246986965045770890e-01 3.564493814112829617e-01 1.120387239169622351e+00 8.023836245010301793e-01
1.061379287119781800e+00 3.378551684831956337e-01 -1.982589849200403764e-01 -4.828259620822519249e-01 -5.449740998557354166e-01 -3.888985278637742682e-01 7.252648584470874349e-01 -4.776436972034374673e-01 1.101492252016452594e-01 -3.347573573778285239e-01
5.147307253209576494e-01 -1.584812517578063629e+00 -5.656322076839351842e-01 1.171903416047521823e-01 1.229973281388598016e-02 2.546955546779619550e-01 1.878424964504100403e-01 4.308803560099016550e-01 -9.721305134893730715e-01 1.170610783849081349e+00
5.767749891333959766e-01 2.238430996122937611e-01 -7.514930853896606422e-01 9.812258937176081552e-01 1.917083511696319853e+00 -7.893981192925411117e-01 4.938984882932222487e-01 -2.750133171205194071e-01 7.627281224060915577e-01 3.640704954787007952e-01
6.396499181534006651e-01 -9.163094013829815587e-01 -5.885674347816101104e-01 2.044379994198767536e-01 -3.287692972897179877e-01 4.615538553007731970e-01 -5.681007133495295618e-03 9.187181462336542481e-02 -7.871204697921886373e-01 -3.712333534394570700e-01
-1.535770232412704495e+00 -2.669241954399059202e-01 -4.896630836911161633e-01 3.519962975537047067e-01 1.197740827568983812e+00 -1.748929261987391737e+00 -5.694100852995694906e-01 3.248804598307288294e-01 -1.383540370861272129e+00 1.026230418242662645e-01
-2.935012541392632013e-01 1.953500028318603476e+00 2.279115731015976254e-01 5.481329527147275893e-02 -1.307915797948021874e-01 6.613384518774899634e-01 4.420815135402964557e-01 5.010945492400300516e-01 7.022864338972708564e-01 4.102128929310851491e-01
-8.701656084241369271e-01 1.253835735123350892e+00 5.409698670117535357e-01 7.005169597362041756e-02 -2.278830328823238549e+00 -4.085144113685210132e-01 4.104115646538769036e-01 1.027903839427855570e-01 1.691118844793787213e-01 -2.614037039336195023e-01
-8.506395625702889429e-01 2.543476409562423490e-01 -3.047116096934430196e-01 -1.354932604900754178e+00 -7.615951106267296877e-01 -1.593680301994990556e+00 -1.299618434853902382e+00 2.274289026402691663e-02 1.459395306287895044e-01 1.158732755971923212e-01
-9.006308688072464097e-01 8.721532968206338055e-01 -1.806507012998590234e-01 -2.047295594374439087e+00 9.540868193187901358e-01 2.678485923336450636e+00 -3.602524825817515763e-01 -1.190156168890901922e+00 1.995715184163416867e+00 4.463247816602671780e-01
-3.511099465959452437e-01 3.001586784068316360e-01 -1.045866119555777463e+00 -1.212800529440500652e+00 1.326630903062911315e+00 -1.176436309022196314e+00 -8.851527508715453241e-01 8.371047855863639198e-01 1.309565398365414302e+00 1.389725528757014827e-01
-1.421658546007061874e+00 -6.368975516008984483e-01 -2.148520279186102167e-01 -3.587116183111047074e-01 1.171429732623192166e+00 4.174491988444332946e-02 -1.512299547318039616e+00 2.148749109020882564e+00 -2.233079929223019455e+00 -3.376651210725297059e+00
-8.617163551104004560e-01 7.296022764423200080e-01 3.571704743578484886e-01 -1.913097658074612406e+00 2.479497696186632183e+00 2.914622532246214703e+00 -1.795095541518635152e+00 -3.239388551576883324e-01 -4.206355276706060797e-01 1.719907997210210704e+00
-1.453065623487053148e+00 3.941388623881669218e-01 -1.854518496947500095e-01 7.350340305039966549e-02 -1.449494979437697673e+00 -7.720889307098036669e-01 3.269759307470916920e-01 -1.093104368318225550e+00 2.625177792514214459e-01 3.784225365789837814e-01
-1.214389894437064354e+00 5.647494356548900946e-02 -2.620323488611440710e-01 3.220384891015029560e-01 -1.081137826034911598e+00 -4.523765111328991173e-01 -6.010382248877969014e-01 1.152352773345323600e+00 4.797125755255878810e-01 4.059359970990970012e-01
7.467399460703624259e-01 3.135445917674399841e+00 1.099603739092989807e+00 1.493359579899831147e+00 1.769853495895726381e+00 1.403476906349422626e-01 -1.067007558942681733e+00 -3.373574294032470611e-02 -1.264181197842253024e+00 3.058660810556243503e-01
-1.444930543767821041e+00 1.493370937124285092e-01 -4.858636289022089105e-01 5.959591734638751415e-02 1.786177731050890616e+00 1.674156702998709889e+00 2.393707494022220272e-01 1.625449685140746559e-01 3.079223475084010841e-01 9.047087415141029654e-01
5.670287028470413215e-01 -2.627020565269774233e-01 -4.229690139490391299e-02 4.849098390887069537e-02 -7.817956825264571474e-02 7.080754626906878846e-01 7.473628884021051855e-01 -1.392941571789970467e+00 -4.150516148115138693e-01 -1.588528269895218559e+00
8.002767262944435744e-01 -3.717383700755423903e-01 -4.788548328554738664e-01 -9.434746319056761532e-01 -7.587315844910041962e-01 4.923160426384077248e-01 -2.104373321370776040e-01 3.912629223905853548e-01 -7.973380209915419403e-01 1.131871322842991967e+00
8.208372188389049251e-01 -5.594592638482347446e-01 -1.740967967876956846e-01 -4.792574827967535089e-01 -6.601184549851462080e-01 3.768589278845720925e-01 5.666971325066604281e-01 -1.124919663416751092e+00 -8.431393496440875435e-01 -7.738527611040942056e-02
3.183390355552765394e-01 -6.786905851286223479e-01 1.879814826922636906e+00 6.090041771187713060e-01 1.107816160960618523e+00 -3.860551328222715239e-02 4.989715559246288984e-02 -1.911460273375006125e+00 5.599342805238494147e-01 -1.169186322314825777e-01
-8.131124543226355694e-01 -1.981769981031951344e+00 3.049284390777820875e+00 -1.622584422935257065e+00 2.057168616794706306e+00 -1.059317698551398568e+00 4.435769190404216245e-01 1.913033546492853842e+00 -1.276894028586747387e+00 -1.283778277336276030e+00
7.735938463442985080e-01 1.492159559226995669e-01 -3.420205965123481739e-01 -1.337618375036601748e+00 -8.541029271570544923e-01 -3.824142854094427224e-01 -7.597546575524332102e-01 5.009378617190513028e-01 2.425663424008050184e-01 4.056751602713233873e-01
-6.953264627072065773e-02 -1.773602228184057994e+00 6.033377980410599140e-01 1.059235743020664033e+00 -5.866286892432084343e-01 1.059121520958798413e-01 -3.062037619925499055e+00 2.121958583473245452e-01 6.652809573609529403e-01 8.296803546875171076e-01
5.346755670152758544e-01 -6.273659431778718654e-01 -5.330952429196864628e-01 -8.948608860014272137e-01 -7.629737228608030053e-01 8.766163896965442626e-02 -5.531013085954654684e-01 4.339095453871156249e-01 2.057240535577358476e-01 7.170202918909134304e-01
1.282509927442708753e+00 8.789031588404275785e-01 -2.394464321729428968e-01 -3.590143441080361764e-01 -5.064427267676655520e-01 -4.234895085461324871e-01 -2.332785639983818091e-02 1.212091183082714796e+00 3.262914692980481979e-01 9.670657222839257328e-01
3.536289645170045404e-01 -5.131173600006810886e-01 4.055478999373414162e-01 1.283890012317769447e+00 -8.137414010954536758e-01 -2.294577012325384746e-01 -1.788048106603092879e+00 -4.792913941592316096e-01 2.384431969359751324e+00 -3.427003304382901239e-01
3.692740732721161989e-01 -2.289479270526035004e-01 -1.308903508768551882e+00 3.846845074289306776e-01 1.598040219663445338e+00 -1.552950383133470114e-01 5.356505545975382976e-01 8.195963210241279384e-01 1.814528753350797552e-01 8.519901559237460509e-01
3.874462753980781882e-01 -2.437709576002616563e-01 -1.167162106670758481e+00 -3.407860925087933812e-01 4.635024959928618071e-01 2.290491685655258736e-01 4.393093429259868343e-01 -6.460242602900195634e-03 9.209838214514241006e-01 2.725093168760843176e-01
1.112927065603019017e+00 1.080976577275816614e-01 -1.875692962294573662e-01 -3.251206014113884879e-01 -4.458797649808685648e-01 -8.409606720361537113e-02 8.246690615304224092e-01 -1.061201895085258196e+00 -3.663087448236587162e-01 -6.355706662454071454e-01
1.115680786207324138e+00 -4.665972598678744601e-03 -2.880598352094930759e-01 6.138630132396240002e-01 -1.634140638212726315e-01 1.684190513165063907e-02 7.521884336972526341e-01 -5.618794164874877373e-01 1.395603946567901821e-01 -4.978678177674743521e-01
1.437198224471249786e+00 1.539415049047637485e+00 9.738148674053844767e-01 4.799051399469188572e-01 -4.622385451236160625e-01 2.345105090717840290e-01 5.977596070768858016e-01 9.442432369724988728e-02 -1.643390273955822378e+00 -3.763137757492903468e+00
1.103204275993694639e+00 -2.037027021786783076e-01 -1.864762926004434329e-01 1.617144789464390988e-04 -5.854724041668420975e-01 7.034922194769526772e-03 7.601832176944212094e-01 -5.727481447278571780e-01 -4.736735371023070296e-01 3.382992858971913680e-02
8.180500834734839577e-01 1.613620374238074542e-02 -6.183927312090206074e-01 -6.465781474780383231e-01 2.979962889018810679e-01 -6.095430903544950541e-01 -3.192191053439044079e-01 -4.829995223864024800e-01 1.080229129294891094e-01 1.193752644221097059e+00
7.377441192940298320e-01 1.006483257703774808e-01 -2.829090044046088659e-01 -1.074952922694588864e+00 -1.424327890849941963e-02 -7.835511826726447859e-01 -6.691848134249066271e-02 7.963072553851739677e-02 2.920880304763794344e-01 -1.355202996840579877e+00
1.526239624817938845e-01 -9.205873512561161265e-01 3.702515414398404481e+00 -1.046749009838982891e+00 1.141608266687704987e+00 -8.835735023132987864e-01 1.534959910466214383e+00 -7.338436988620454793e-01 1.913487090258411960e-01 -2.165234021809862852e-01
-1.354447991465942858e+00 1.019343555028053433e-01 5.161516774893604165e-01 5.933066449170674161e-01 -6.422211504294064177e-01 1.422846479374449524e+00 1.070822008373745859e+00 2.642780170213186786e+00 5.850844235086866130e-01 4.655556476079715233e-01
-1.001328108109177606e+00 2.108769054356377515e-01 7.771450889601284606e-01 6.853802747450075117e-01 -1.061422749414099309e+00 1.178184040960918555e+00 2.393019827119773346e+00 1.037821796149898557e+00 1.532029979672236752e+00 1.122340372728655444e-01
7.425632088439566569e-01 -6.641097869591057190e-01 -1.102879182530901891e+00 -4.074810976006357777e-01 -5.358106727866711605e-01 -3.260980403872722720e-03 1.330150066744310300e-01 1.162077644009862132e+00 7.409191776239726357e-01 6.241503340862938343e-01
8.499564866148437980e-01 -2.901923409790789776e-01 -2.229253094744068076e-01 -3.287949589651441296e-02 -2.204840696176320891e-01 -4.222868845606134007e-03 3.441307917166938624e-01 -1.355094771546434096e+00 -2.972719912443664847e-01 5.573517986237782607e-01
9.657265462608598527e-01 9.087129576491553840e-01 -4.703228289559729380e-01 6.028003446301484214e-01 1.280860526572616676e-01 -1.782885680420855795e-02 5.567148899782518034e-01 1.478507481024947223e+00 1.187981644452099417e+00 -1.953109982454731997e+00
2.957446423649695011e-01 -9.413630341182872563e-01 3.423253712759778411e-01 8.130348802746564241e-01 4.029858244917435273e-01 -1.161379692252730633e+00 -2.450870283678758810e+00 -2.109789544837285813e-01 5.584929846630997119e-01 -7.827233799329137709e-02
7.639398563131274411e-01 1.077583525951865351e+00 -4.277954682705457645e-01 6.350179048477292421e-01 7.212050661789672912e-01 4.513086912899155756e-02 6.525741240994062942e-01 1.672239246626660014e+00 1.166186390564043274e+00 2.951779677351717979e-01
-1.362724444955977887e+00 4.284932305081314841e-01 -9.465415192903896269e-02 -3.136850138550004718e-01 -7.543781902788131433e-01 -2.695755300907030083e-01 6.321801342065433427e-02 -6.833909346575652854e-01 -9.971429107659599000e-02 1.228384084483911565e+00
-1.724880521278423950e+00 -5.604969653458615614e-02 -4.341949515188758268e-01 -4.111181757443658213e-01 2.196941869551984061e-01 -6.559684449124408845e-01 -1.274422705284283808e+00 1.485579961348893363e+00 -1.589714367233501902e+00 -1.590858738288070118e-01
-1.435977329597769803e+00 4.421712532172959453e-01 -8.696259383239967056e-01 6.970162078791927174e-01 1.091961083067854332e+00 5.824692419316279679e-01 3.192389906920660714e-01 -2.329876043350893877e-01 7.334674850102201882e-01 2.997291067448549784e-01
-1.528857326834016206e+00 4.439174506964000955e-01 -5.353233398566148438e-02 7.089693199697348902e-01 -1.775447024247200911e-02 -2.345277926091436649e-01 1.194173183467463817e+00 -5.995226868918769325e-01 -2.851885562123251949e-01 -7.135248561248476173e-01
-1.873756964454641905e+00 -3.089358113865144917e-01 -5.468647582317459621e-01 8.365992276410980644e-01 -4.870989993316774402e-01 -7.359579318420603755e-01 3.383728817145991719e-01 1.534333870894280860e+00 -2.363692575172407842e-02 -7.980810316614210809e-01
4.210091618342391984e-01 1.231077553525190327e+00 2.947942631889753362e-01 -3.243315104485258171e+00 -1.176256492788690794e-01 -4.863072257906508877e-01 -1.285721430080163152e+00 -8.715611790899387978e-01 1.328676338679467550e+00 -6.482081295680465205e-01
-7.968231484693751865e-01 1.309150568434635509e-01 -6.179152700243328855e-01 -4.427555157827304799e-01 1.479093421262418273e+00 -7.747394843234179929e-01 -9.191631438466305593e-01 6.550128848583721686e-01 -2.987547641355477179e-02 3.377845763738254181e-01
-1.739426490091938060e+00 3.785209461807312326e-01 -4.074218405309696367e-01 8.812748014052230738e-01 1.388589623876139934e+00 1.193610506797600168e+00 -3.269891529565451677e-02 3.268579914628607641e-01 -1.121627951295448566e+00 1.508488016281971378e+00
-5.131019788954710448e-01 9.735512040574971770e-01 -5.214617489307696307e-02 -1.592143869868026140e+00 -1.299579263210172142e+00 -1.016848088384814330e+00 4.274610431266678140e-02 -9.614763965502288734e-01 1.173978467222160704e+00 -2.541598935028948070e-01
-6.668732333221324415e-01 1.342352697518260252e+00 6.305482287955997966e-01 8.772884243945756610e-01 -1.407659246804158659e+00 -3.917623156333797652e-01 1.049551759460014333e+00 -8.023001970997977184e-01 -1.530468216995290731e-01 8.606127216657598611e-01
-1.364655904387116703e+00 -8.605178441352820395e-03 -3.858551018691158685e-01 -3.923191964114632890e-01 1.012346845081695534e-01 -2.215086615470446052e+00 -7.617320760322351392e-01 -8.451642556957823516e-01 -1.657311809961917959e+00 -4.296962749604861243e-01
-8.431339145523062406e-01 1.039531262828187641e+00 1.100705409393396136e-03 -1.014219172199475105e+00 -3.424808609610743293e-01 6.246772516272160181e-02 -5.488937403610448795e-01 -7.547012999863337290e-01 4.809350059799288868e-01 -2.266376288465375977e-01
6.786407207186562207e-01 3.656236596673194672e-01 -9.211723996251902635e-01 8.498956657489294131e-02 8.634498120975201418e-01 4.606083222193272375e-01 6.667240332471944253e-01 8.095950663225125188e-02 6.248461496763283440e-01 -3.653171503056520386e-01
1.533613536426775281e-01 -1.043899734081162434e+00 3.278236101437715710e+00 -1.390657643135635002e+00 -1.616355901431861322e-02 -5.799022331408147934e-01 1.391058045609731231e+00 -1.339390873985194241e-01 9.782127220624308173e-01 -3.521783498421559022e-01
8.438337040985426363e-01 -1.341461219536800864e-01 -4.879517601917121028e-01 -2.963292420386778314e-01 2.415023032601324449e-01 -6.003217858155616982e-02 -1.164110948315111305e-01 7.416213167950272966e-01 -3.488150047136562848e-01 5.600661942027010953e-01
9.588945596154752060e-01 -3.379160134879970467e-01 -4.088671442335512496e-01 2.610769014671808219e-01 -2.883294033801177547e-01 4.279195670718274891e-02 4.797189552362961518e-01 -1.264256567180619850e+00 -9.782355613716656739e-01 1.053081689696707901e+00
8.652861268713122334e-01 -2.168283125728766858e-01 -6.393172823562328633e-01 -8.473470581040606353e-01 -4.619032325944953388e-01 1.529437152034269776e-01 1.274807222209138335e-01 3.738829937525324776e-01 -1.045326907542281775e-01 6.609882101591341153e-01
7.522119813844742042e-01 -5.038365441595223926e-01 -2.790432028220181104e-01 -8.665881292934548563e-01 -3.589817349043148420e-01 -3.312038918246446029e-01 -4.564414497547051308e-01 -5.018369717343661440e-01 -7.698206273454116788e-01 4.630370424163622878e-01
8.112216195025909737e-01 -9.900218078455536030e-01 -3.686648863605379023e-01 6.874459340628275017e-02 -4.761828792366430418e-01 3.544107771169000554e-01 3.159859059991569907e-01 -2.040026019921946029e-02 -1.083608816976236122e+00 9.660896504489397962e-01
1.183382495907199017e+00 4.017157579051076066e-01 1.878640957976744907e-01 -1.068052998185892444e-01 -8.587610410376067538e-01 4.628896182625876210e-01 1.108176189212148666e+00 -1.261072303614147128e+00 -5.483372749607021701e-01 -5.183315962679377886e-01
6.367137961439464089e-01 -9.899308874213416654e-02 -6.521100490766594815e-01 4.095592807954767656e-01 1.878999806333139233e+00 -6.374693256031296329e-01 6.523402665093680497e-01 2.197667321430156750e-01 -1.181823798795605431e-02 3.287220255257203294e-01
8.336137590451552226e-01 1.083695022795430729e+00 -1.537164805729251960e-01 1.822607006938960161e+00 6.570874978105928355e-01 5.285337253819404335e-01 1.122677823950041676e+00 6.951244162729215414e-01 2.032451493582263069e+00 -3.419606182086161184e-01
1.132207444295617149e+00 -2.451367083651218304e-01 -6.298956146767041575e-02 4.132630841907905528e-01 -4.870206971625038461e-01 1.417374897632524000e-01 1.228280001751792971e+00 -1.045140848581243231e+00 -4.618159099849560301e-01 1.792395640402437984e-01
1.068384763290862738e+00 1.558467244691063569e-01 -3.389354910730127957e-01 -1.037653103436924740e+00 -1.158618324564917978e+00 1.146429327054380304e-01 -2.620448355714167787e-01 8.507494297523586768e-01 3.837772025122220265e-01 1.012555937006056839e+00
9.467193571677468000e-01 -4.882580950394988517e-01 -1.560561535937869393e-01 -6.725181734577876380e-01 -1.240453324421279868e+00 5.043699004520298956e-01 -5.949763977152341260e-02 -2.742267303121216360e-01 -6.927135697721745755e-01 2.795010550533305049e-01
4.140863865672113064e-01 -7.828851758780157599e-01 -1.023671189273626769e+00 6.220097484894057116e-01 1.619778358674950791e+00 -5.021084912271143313e-02 6.852817851424459761e-01 1.091507798581870414e+00 2.997815270310567048e-01 7.439172424127609151e-01
5.311422458636629873e-01 4.179173000814265793e-01 9.225078151568305573e-02 1.268697079652308490e+00 -6.624272347341180200e-01 -4.824874416484564721e-01 -1.086602662396864982e+00 1.395979214826342352e+00 2.083384985847031690e+00 -9.035163402322919923e-01
8.551937513662336565e-01 2.204039636637884492e-01 -4.163353322307468130e-01 -8.914880764782390221e-01 4.507224076379074407e-01 -4.314235981530331610e-01 2.494108770147674681e-01 -1.067438578203008470e+00 -8.665279849176120708e-01 -1.105913034597747063e-01
1.643981964988430855e+00 1.985082846049926575e+00 1.056437039382708054e+00 1.248549515227431073e+00 4.735389901958689945e-02 -2.524519494051540858e-01 4.513550427963057832e-01 3.326810545160239219e-01 -1.996517015416748642e+00 -4.280169965784098807e+00
-2.166126719111748089e-01 -6.441956540453586122e-01 4.221271561509317038e+00 -1.068319847782491339e+00 1.899851083274282093e-01 -3.270174995289253372e-01 1.690399466716981047e+00 9.387737510952098505e-03 6.397719635291493345e-01 -7.968888039101737486e-02
1.042034808202727092e+00 -2.613853956303995862e-01 -1.628841722803313630e-01 9.343730794850105825e-01 -1.018368604743167705e+00 1.149798215413690983e+00 1.018518137917231670e+00 5.966294454370296707e-02 5.110345968939630223e-01 -1.083802500067372776e+00
-4.657032647240553214e-01 -1.765564600194010625e+00 3.066951606550660347e+00 -1.428069543152444165e+00 9.314030039025321395e-02 1.042909793779598776e-01 1.200951895629067456e+00 1.416783403301542066e+00 1.321880299596673192e+00 1.074986660813163741e+00
-4.191738892241901326e-01 -1.620253275477079535e+00 2.317477155086670404e+00 1.647023875962019268e-01 6.285622168184157310e-01 -5.112357746658406921e-01 -6.802809954128561376e-01 8.220608285994800424e-01 -5.314993228372257850e-01 1.642445225671499420e+00
3.315277030219317966e-01 -7.415395339642015804e-01 -1.050483921467207038e+00 1.345471900726938452e+00 2.915756030874492311e-01 1.056386378122101455e+00 1.320619899927914620e+00 8.594738233921168646e-01 1.512059462560307654e+00 1.364722500834828767e-01
3.971844691586884912e-01 -3.500584119086165291e-01 -7.252346793684550930e-01 -2.229019925188706897e-01 1.039476116394915328e+00 -5.002250465600904111e-02 7.860917819475141122e-02 -7.725500781290458585e-01 -1.217128524856121441e+00 9.613642139233986583e-01
1.115312423974147649e+00 5.982639315075815034e-01 -3.099756867331932564e-01 -1.008688439066320441e+00 -6.575901524082562455e-01 6.743241494756220533e-02 4.267040618738600077e-01 -4.448949389947681743e-01 3.727134040961483930e-01 4.320510901686082650e-01
5.839084152007989470e-01 -7.879700113561179942e-01 -6.195229799265666859e-01 -1.816659977094624012e-01 1.018087514008192244e-02 -3.189282870950971294e-01 -4.444416751195043869e-01 3.317733322647791749e-01 -5.638082565719469974e-01 4.994126183391370266e-01
2.504725122291363570e-01 -5.558802003465022068e-01 -5.502864040507601251e-01 1.409404357802187313e+00 1.593072020225069663e+00 -5.892685081651036771e-01 -2.719257785794874926e-02 -9.274085533632123735e-01 7.064465897710319187e-01 9.258103685736630561e-01
-1.719842907018437561e+00 9.731594111429976712e-02 -5.298537477491335190e-01 8.226916692279294674e-01 3.211739269469944258e-01 -1.555478224471709969e-01 -4.175121578404938916e-01 6.813917072540106590e-01 -7.846889973872879231e-01 1.280830477275423318e+00
-1.319702989113940683e+00 5.287891946577849556e-01 -3.352573377398124221e-01 2.386757927415227021e-01 -5.046138002253302002e-01 -1.160707513012004810e+00 5.874166396639836085e-01 -4.919481036467575619e-01 -3.159538571476463997e-01 4.776628424832911057e-01
-1.005522770560010715e+00 1.020747101495717457e+00 -6.290487474073817031e-01 -1.882217276103389736e+00 1.977480154641406029e+00 3.082801931910737814e+00 -1.259453786618846216e+00 6.326892016334324520e-01 -2.454494308696510974e-01 6.317966645639508938e-01
-9.167529961361619018e-01 5.819107222883513897e-01 -3.896960679160315633e-01 4.204863213849286407e-01 -5.880994350687989147e-01 -2.038236347230190759e+00 4.554771190884613907e-01 -7.579004720290019037e-01 7.522193521266306027e-01 3.546462988825866414e-01
-1.075182396113932848e+00 1.431837640583031535e+00 2.154617030154016011e-01 -3.382899819208148307e-01 5.591481153184361119e-01 2.802790144726572841e+00 4.461028245540268194e-02 -1.693501312567814887e+00 -4.756414685488541405e-01 4.517706856114181990e-01
-4.800004404303601646e-01 8.711662318619330936e-01 -1.752148784662529712e-01 -5.463660226659330377e-01 2.358530203681274529e+00 1.463102549701103650e+00 -5.846349642359933707e-01 -1.589978436043411880e-01 1.219953271776930359e+00 8.686195956460107670e-01
-1.223673832878708456e+00 6.176189178838756844e-01 -4.818843242583292080e-02 -3.176732695944138318e-01 -5.692161044907395606e-02 -1.037717776646907231e+00 -3.759552468252274626e-01 -7.418211159304708424e-01 -1.286293103306176189e+00 3.769717403437647385e-01
-1.711410305224144945e+00 7.169301201094430143e-01 5.179914107013965374e-01 6.172714940762022984e-01 -4.657227344759931609e-01 7.365786209957309039e-01 6.211635962194611560e-01 -5.179846612696813457e-01 -2.014499732064809034e+00 -1.280026296007719777e+00
-1.409999368127959896e+00 2.622430545441648553e-01 -2.916317566459629140e-01 4.285272001569838674e-01 -7.274906259843584300e-01 -1.774524472733389979e+00 4.245406257026649866e-01 -1.295440152763297714e+00 -7.525337683803118294e-02 -2.845784959157821592e-01
-1.583010587449141804e+00 7.676984944687394175e-02 -2.757094416415169502e-01 1.093422465582283953e+00 1.235579863911592691e+00 4.400257443237453603e-01 4.399116161210181453e-01 7.174369659014765421e-01 -3.495477340881534278e-01 1.196640540514215090e+00
-9.490278283547696203e-01 8.565762428251429972e-01 -4.986003479885376399e-01 2.306512275102903520e-01 3.931512077878379086e-01 2.798307594904657636e-01 -5.003559663905958466e-02 -1.052161982416006669e+00 1.270729697244393108e+00 2.487242906243210261e-01
-1.142170751750696045e+00 5.562802457455810756e-02 -2.247584242677340971e-01 -5.874631868674906610e-01 -1.134954481359550016e+00 -1.449648739220449123e+00 -5.792579015897715289e-01 1.664959964283091801e-02 -6.578750805223194942e-02 6.135310633550762338e-01
-1.927122497026926857e-03 -1.171187515882577079e+00 -1.048432771533950973e-02 1.392166194562442838e+00 1.311150828563520943e-01 -4.008550901140159328e-02 -2.159584028654299548e+00 -2.385538666635260430e-01 1.854737167963641742e+00 1.898161602533983694e-01
4.117348897033329402e-01 -1.395510427233797257e+00 -5.274120306912964962e-01 -9.511316087866932278e-01 2.488255132590057317e-01 6.067145177197513783e-01 -4.017952196548958965e-01 7.005653888324471223e-01 -1.591968194040686013e+00 6.675626340409004413e-03
-8.032430919152519500e-02 -1.390388504990527796e+00 6.212350880890744609e-01 1.644652621983218932e+00 -6.154936541148948725e-01 6.769448598569882680e-02 -2.730432749364640976e+00 -1.865791764420709153e+00 5.968423486146078316e-01 -5.930279787260772650e-01
7.928461739172044664e-01 -2.370163996409701268e-01 -8.216731725873429593e-01 -9.661984832195961159e-01 -5.977363393610471975e-01 1.594495816720180315e-01 2.182829037067450517e-01 1.194224373034967090e+00 5.426250588863886781e-01 7.914665439197962060e-01
9.790246003316473988e-01 1.154276262342681214e+00 -2.224983047226194444e-01 -1.540083278407789136e+00 -5.540141807995768719e-02 -9.273241140053115616e-01 -2.060456473136766109e-01 3.851796531106084776e-01 1.753682652273965914e+00 7.432091796178111887e-01
1.286581903687738171e+00 1.985939210076094752e-01 1.459002479044592127e-01 1.041813047362577738e+00 -3.888022801610475226e-02 3.253290713247993793e-01 7.000802334191452703e-01 1.727172082379855103e-02 -5.869186962004717678e-01 -1.999896750658146649e+00
1.460040550560398609e+00 3.593344820634504888e+00 1.792822833387244685e+00 2.362794474662191835e+00 9.922156841138954908e-01 -8.504671918359221761e-02 -9.863916958986402861e-01 2.388624309586553918e-01 -4.581013021385136330e-01 -4.769693389725219307e-02
7.754216524441073233e-01 -3.356870663144945754e-01 -8.655203901773402819e-01 -1.407659311528951962e+00 -8.416972184045273808e-01 -2.468265881674255174e-02 -7.706139260105886457e-01 1.718955797359039250e+00 -2.714317216951378856e-02 1.459177009039094752e+00
9.266173602074596616e-01 -7.170868584878121732e-01 -4.692067656192480674e-01 -6.847265289880787309e-01 -1.069539453638053583e+00 4.847364718290067542e-01 1.219872887959799618e-01 6.538594605793287551e-01 -7.013629064192715701e-01 3.918142046971554437e-01
8.638243598431211145e-01 -4.517887512106866232e-01 -3.268319029794571895e-01 -5.406450138647714843e-01 -8.067990988829166765e-01 2.839960005259144493e-01 -2.851381719544879290e-01 -3.079627789705978724e-01 -4.608731352149916249e-01 1.063187409323609715e-02
1.059064996448125351e+00 -5.032746413766011617e-01 1.120160891950428284e-01 1.084169072402262346e+00 -8.182386040805648131e-01 4.253197947107381638e-01 5.929072402798312158e-01 -1.070185775583032128e-01 2.540202504191846344e-01 -1.114916924404453641e-01
1.005160145416553075e+00 -4.744058298555104414e-01 -2.197129172832038013e-01 1.304311868250048745e+00 8.748498062794686503e-02 4.208334184773418474e-01 5.813279941102454940e-01 1.319038069768353749e-01 -6.196852439875525365e-01 7.986735458048180858e-01
4.650409020605173471e-01 2.160349435180487776e-01 1.305645863070862500e+00 -1.496067292555335548e+00 1.497003061175916638e+00 -1.829840165052220913e+00 -1.467399995195505513e-01 1.492613182886347145e+00 5.304523566365458853e-01 -1.516777283298695322e-01
2.724234468903095618e-01 4.186734631295127018e-01 -5.297826320444602999e-01 -1.977898829057117780e+00 1.371263223665234010e+00 -1.669006032598889577e+00 -1.374910391216579209e+00 -2.233767611455206581e-01 9.792256895643036696e-01 6.034714881291894928e-01
6.374462584981969160e-01 -3.326594148902111553e-02 5.376965909098576635e-01 -8.469739048127423731e-01 -2.947579377239658571e-01 -9.417940050624852288e-01 -7.563393195637478916e-01 -2.494508901523543806e-02 -1.563460551985502989e-01 7.506970987207579604e-01
4.692963088764455781e-01 -4.142177651672160343e-01 -1.018070088898099135e+00 -1.074970186683540163e+00 6.141722150002852931e-01 -4.479360622560473737e-01 -6.310342281547214327e-01 -2.338031051721009002e-01 -6.504110569080875370e-01 7.912691651318956021e-01
6.971412596459222177e-01 -9.247831848056075055e-01 -3.544498713248668276e-01 6.327992190417929264e-01 -6.715217346703219459e-01 1.036076634896717863e+00 6.917937359916022100e-01 -3.060070520382558446e-01 -6.947052179163686336e-01 4.979892104422025678e-01
4.264861594988636484e-01 -5.705602468578239161e-01 2.097396694850797438e-01 3.020107434709907723e-01 -4.298963772238724168e-01 8.204097258715621344e-01 6.240938709616017377e-01 -1.156402728229965149e+00 2.510634776924930422e-02 3.744927571655031762e-01
7.150232088021822863e-01 -6.903752514596561696e-01 -5.473286858353714202e-01 -9.054949654831698225e-02 -6.880116211420889138e-01 4.030599567264618877e-01 -2.643551606072627180e-01 6.265636898213157169e-01 -5.777593599229470245e-01 5.479209159892304282e-01
4.480569103279001264e-01 -1.385306580904836382e+00 -9.745958545802260176e-01 -3.181211516150257435e-01 4.775965224901571049e-01 -4.018478019865283635e-01 -1.369428462778757627e+00 5.252460551412393430e-01 -7.455221943345967661e-01 7.165165863473368368e-01
7.091680553555644861e-01 -1.392519228841171186e+00 -7.470861044768516146e-02 3.114058579004584382e-01 -1.413492635957574572e+00 1.566077227814092643e+00 4.417028265970490697e-01 2.801466950736609673e-01 -8.386168037381928064e-01 8.411555355127003919e-01
2.487100453749060414e-01 1.282456622452194051e+00 -1.664231214494268640e-01 1.049628313971814331e+00 9.091632371970507220e-01 -3.309740078224779891e-01 7.286582871184130727e-01 -3.949086043314863348e-01 1.904716947374742952e+00 3.972825423196524874e-01
3.107073978373071088e-01 -1.690065220444709304e+00 -8.417448454537884706e-01 8.362023832544369650e-01 1.189302953320909850e+00 1.226865630477040059e-01 -1.965121583395288418e-01 5.214592645833314721e-01 -9.832332637143232912e-01 -9.157751870696656527e-01
8.240092589724272720e-01 1.492764709736220219e+00 -5.159155689268105777e-02 5.738829210720477469e-01 7.371189010304769473e-01 -5.783895453172938073e-01 3.339817783043481092e-01 -2.035157267257245439e-01 1.456907359616902875e+00 1.835660568407581072e-01
-1.023076825722043365e-02 -1.393123433011537182e+00 5.291433211438832940e-01 1.847892332507938162e+00 1.957655585318577030e-01 2.417163587942118830e-01 -1.934388975642043818e+00 -3.724176758534365472e-01 1.642649529062833125e+00 -4.807047639832285335e-01
1.100776845781338498e+00 8.505012197411457864e-01 1.296109694790641698e-01 5.104264975014952688e-01 -1.192086470779458451e-01 1.133196828701701492e-01 6.407294248590791330e-01 -4.385652788272717539e-01 3.534882749347993958e-01 5.151372397277463600e-02
-9.542968507891991248e-01 1.660148914828375011e+00 3.327733681797807180e-02 -2.115723188221018347e+00 1.665234047862256817e-01 3.555737129188662582e+00 1.263431697673870202e-01 -2.364383131706929486e+00 8.930546162474832794e-01 -1.460408597041002121e+00
-1.409373054428311400e+00 5.331526499161485244e-01 -2.312128735435870219e-01 8.160521055929909062e-01 -1.078003148108953813e+00 -1.281464857151975778e+00 1.023838942610048930e+00 -1.214042624739345877e+00 1.951936258365812304e-01 -8.511656412078962008e-02
-1.473574240197299545e+00 9.350922140708538277e-02 -1.699144712687238046e-01 -3.972586787069450343e-01 -1.289811000512512962e+00 -9.082827419338631580e-01 -7.456935107577669086e-01 1.473716171073717607e-01 -7.007552424973274574e-01 1.617653375419692563e-01
-1.299054138547585557e+00 8.782299577559139481e-01 2.967937683299034513e-01 -2.077871076582241461e+00 4.808090665766981409e-01 3.872740889231019779e+00 -9.701177048277250803e-01 -1.911985859039946112e+00 5.260572099409407398e-01 -6.651587735908573995e-01
-1.591231325204247815e+00 8.148000234624158677e-02 -2.174481572332316870e-01 4.877511688176749960e-01 -2.967521277424560178e-01 -8.605332086822918836e-01 8.667220596860262249e-01 -1.110363789579374760e+00 -8.640985737423807489e-01 -7.126920576608917202e-01
-1.877315299862424514e+00 3.307546501643923165e-01 -1.774688836458687413e-01 1.571387212060074423e-01 -1.958624148761509476e+00 2.148851494815609831e-01 3.161549839293335551e-01 9.585163649273907849e-01 -1.732124035503083415e-01 -3.850825091715411042e-02
-1.296097009083567952e+00 6.087515264880427601e-01 -1.676922197770348566e-01 6.244936704307573194e-01 -1.452155621591203483e+00 -1.495718282225589446e+00 -1.131755745944202363e-01 5.206610907866320026e-02 -2.596374984883253467e-01 1.002864162200388654e+00
-1.018985826531570549e+00 9.516252273764673753e-01 4.141086181372489183e-01 1.203367883769177749e-01 -2.781229157186516421e+00 -9.612367719298835489e-01 -7.423325008668693603e-02 1.177112027490262447e+00 2.406865052226058455e-01 4.716496315386761173e-01
-1.361953038446569675e+00 4.193468763881567085e-01 -2.580120864429176764e-01 4.030486146550229520e-01 3.973168582459833398e-01 6.431161419125069889e-02 2.826900614636165820e-01 -1.008134726671984678e-03 -4.046545456677476671e-01 5.003264326000051998e-01
-1.474507126168056459e+00 3.519350885279639574e-01 -3.583445671118346554e-01 1.987525095123594543e-01 -5.743570276089942084e-01 1.957791408953902523e-01 -1.400580228357567736e-01 1.494668614100508774e+00 -1.165366349898856457e-01 1.613318493088845340e+00
-1.804901620515094285e+00 2.409646321092892007e-01 -8.081930557705833129e-01 -3.867934904794965711e-01 6.061184613468708626e-01 2.273345322790332745e-01 -5.295737036713105139e-01 1.097431068427659584e+00 -8.061299708641105344e-01 1.330547455330267859e+00
-1.981136449376688757e+00 2.619298234000944636e-01 -2.213153133466675415e-01 -2.118685907222440101e-01 1.500698596463038159e+00 2.266972015647273242e+00 -2.693693475017194250e-01 -4.644242431994785592e-01 -1.706465082034807512e+00 8.584281780124091155e-01
